time    HIP Ctl         time    HIP PD          time    Transient Ctl           time    Transient PD
0.060976        0.000000 -0.006098 -0.024292               -0.001220       1.604660                0.000000        3.516480
0.115854        -0.048583 0.054878 -0.072875               0.009756        1.558300                0.006098        3.493170
0.140244        0.000000  0.109756 -0.072875               0.018293        1.578400                0.013415        3.513540
0.164634        -0.048583 0.164634 0.000000                0.024390        1.533100                0.019512        3.468240
0.170732        0.364372  0.176829 0.971660                0.025610        1.444920                0.028049        3.422410
0.176829        0.072875  0.176829 0.971660                0.030488        1.597690                0.032927        3.443310
0.182927        0.631579  0.182927 4.202430                0.037805        2.145540                0.041463        3.705170
0.182927        0.631579  0.189024 3.789470                0.039024        2.387030                0.042683        3.595010
0.189024        1.408910  0.189024 3.789470                0.042683        2.649960                0.047561        4.121420
0.195122        2.453440  0.189024 3.789470                0.043902        2.979360                0.050000        4.274730
0.195122        2.453440  0.207317 5.052630                0.046342        3.286520                0.054878        4.449480
0.201220        3.546560  0.225610 5.344130                0.050000        3.593410                0.059756        4.712140
0.207317        3.959510  0.237805 5.465590                0.057317        3.811580                0.062195        4.953360
0.219512        4.178140  0.256098 5.441300                0.064634        3.941840                0.067073        5.106140
0.250000        4.299600  0.292683 5.344130                0.070732        3.962480                0.074390        5.258380
0.298780        4.348180  0.335366 5.101210                0.080488        4.026270                0.085366        5.343880
0.335366        4.153850  0.390244 4.663970                0.092683        4.089520                0.092683        5.386220
0.365854        3.813770  0.463415 4.226720                0.104878        4.086840                0.109756        5.404450
0.408537        3.546560  0.524390 3.862350                0.118293        4.039940                0.120732        5.380060
0.469512        3.133600  0.585366 3.546560                0.130488        3.927370                0.129268        5.356200
0.518293        2.817810  0.640244 3.255060                0.142683        3.880730                0.136585        5.266680
0.573171        2.429150  0.676829 3.036440                0.153659        3.790400                0.142683        5.243370
0.628049        2.137650  0.737805 2.793520                0.160976        3.700880                0.151220        5.153580
0.707317        1.700400  0.810976 2.502020                0.173171        3.566340                0.164634        5.062720
0.798780        1.336030  0.878049 2.210530                0.186585        3.475480                0.180488        4.949340
0.878049        1.044530  0.963415 1.919030                0.197561        3.363170                0.189024        4.859560
0.987805        0.801619  1.054880 1.627530                0.203659        3.295900                0.193902        4.814530
1.079270        0.582996  1.146340 1.360320                0.212195        3.184130                0.201220        4.746980
1.219510        0.388664  1.250000 1.044530                0.220732        3.072370                0.213415        4.678370
1.310980        0.340081  1.378050 0.777328                0.229268        3.004560                0.221951        4.654520
1.426830        0.194332  1.518290 0.485830                0.239024        2.870540                0.225610        4.609760
1.536590        0.145749  1.658540 0.242915                0.247561        2.802730                0.231707        4.542480
1.664630        0.097166  1.713410 0.194332                0.256098        2.756900                0.240244        4.474670
1.762200        0.097166  1.786590 0.072875                0.260976        2.667920                0.243902        4.429910
1.878050        0.048583  1.829270 0.048583                0.271951        2.621550                0.252439        4.340120
1.969510        0.000000  1.865850 -0.024292               0.279268        2.510050                0.260976        4.250340
2.060980        0.000000  1.975610 -0.072875               0.287805        2.398280                0.270732        4.182260
2.195120        -0.024292 2.048780 -0.121457               0.304878        2.284640                0.279268        4.180380
