  1.4352699e-003
  9.8632536e-001
  9.9133876e-001
  7.3255426e-006
  1.0006855e+000
  2.2356051e-002
  1.4135658e-002
  4.0852657e-003
  9.9448312e-001
  4.0852659e-003
  9.9448313e-001
  8.7850236e-003
  5.4618925e-003
  9.1177674e-001
  4.2753336e-007
  4.1367789e-008
  2.9408486e+000
  6.4166962e-001
  8.7535548e-003
  1.0860143e-001
  1.4871757e-002
  2.5328101e-004
  1.3048586e-003
  1.3819299e-001
  2.1363230e-003
  6.7683027e-003
  9.3013119e-003
  6.9175491e-002
  1.0871731e-001
  1.2560767e+000
  5.6543852e-001
  6.3623600e+000
  6.3607902e+000
  6.3608524e+000
  1.3500000e+002
  1.5986894e-004
  1.0030027e-004
  8.5656753e-005
 -8.5439559e+001
  8.1251860e-001
  0.0000000e+000
  0.0000000e+000
  2.0242528e+004
 -1.5079203e+004
 -1.7454583e+005
  1.6938740e+005
  2.8683475e-001
  1.0505728e-001
  1.9190412e-003
  4.1517773e-005
  3.0335421e-001
  5.6564909e-001
  1.0133581e-002
  7.0125806e-005
  8.6199183e-008
  1.4727892e-004
  2.6384616e-006
  1.8246494e-008
  2.1700214e-011
  9.4855090e-001
  2.1805790e-005
  1.7114662e-006
  1.3439219e-005
  4.0204431e-005
  5.1369754e-002
  9.4853229e-001
  2.1805362e-005
  1.7114314e-006
  1.3438947e-005
  4.0203642e-005
  5.1368746e-002
  9.4856173e-001
  2.1806039e-005
  4.2273561e-007
  3.3195150e-006
  4.0204890e-005
  5.1370341e-002
  9.4854311e-001
  2.1805611e-005
  4.2272701e-007
  3.3194480e-006
  4.0204101e-005
  5.1369332e-002
  4.0736543e+002
  1.0784097e+000
  5.6965266e-005
  0.0000000e+000
  0.0000000e+000
  0.0000000e+000
  1.7719431e-001
  1.2653263e-003
  6.1065924e-009
  4.5176924e-013
  1.8978403e-012
  2.5962765e-003
  9.0415993e-002
  4.2056100e-002
  3.4733240e+000
  5.4999114e-002
  4.8761671e-005
  9.0510664e-010
  5.4532539e+000
  1.5550952e+000
  2.7218994e-005
  9.7524059e-006
  2.6135677e-008
  2.3243603e-010
  2.5768897e-015
  2.1079825e-011
  5.9457457e-005
  2.7962551e-007
  6.9404741e-008
  2.3547367e-005
  5.4902472e-002
  4.2002734e-005
  5.3658727e-010
  5.1199345e+000
  4.3230669e-001
  5.5179903e-006
  8.4006067e-006
  1.6040605e-008
  1.6894382e-015
  1.8477927e-020
  1.4791238e-016
  4.3657664e-005
  2.0495569e-007
  2.5984079e-008
  6.1472761e-008
  1.6454393e+001
  1.0339420e-246
  2.9735723e+002
  5.7371503e+001
  1.2008628e-097
  1.7465225e-005
 -1.9762626e-323
  2.4747320e-002
  3.8271300e+000
  2.7617356e-002
  5.8169489e-018
  3.8264272e-004
  5.7400681e-002
  6.5431401e-004
  5.8000995e-002
  5.1994141e-002
  0.0000000e+000
  4.1593460e-002
  3.6000000e-002
  0.0000000e+000
  4.8657936e-001
  7.1643395e-002
  8.2668187e-003
  3.1761786e-003
  2.7842201e-001
  8.0703390e-003
  9.1403152e-006
  8.8193880e-001
  6.9549539e-004
  8.2061719e-004
  3.2966123e-003
  2.1900898e-001
  1.5319292e-003
  1.5319292e-003
  1.8350997e-003
  4.0572378e-003
