  1.4250347e-003
  9.8645466e-001
  9.9141577e-001
  7.2712332e-006
  1.0006839e+000
  2.3088885e-002
  1.4510533e-002
  4.0737249e-003
  9.9450649e-001
  4.0737257e-003
  9.9450646e-001
  8.7356859e-003
  5.4478356e-003
  9.1286104e-001
  4.7542571e-007
  4.5382435e-008
  3.0825591e+000
  6.7262317e-001
  9.0051904e-003
  1.1043724e-001
  1.3990363e-002
  2.5328101e-004
  1.3914111e-003
  1.3810551e-001
  2.1977159e-003
  6.9751703e-003
  9.5670262e-003
  7.0557731e-002
  1.1104734e-001
  1.2780499e+000
  5.8422049e-001
  6.8778607e+000
  6.8767065e+000
  6.8768228e+000
  1.3500000e+002
  1.6481708e-004
  1.0318829e-004
  8.8480745e-005
 -8.5484714e+001
  6.2374959e-001
  0.0000000e+000
  0.0000000e+000
  2.0979720e+004
 -1.5088755e+004
 -1.7507110e+005
  1.6918885e+005
  2.8809627e-001
  1.0505728e-001
  1.9190412e-003
  4.1517773e-005
  3.0335421e-001
  5.6564909e-001
  1.0133581e-002
  7.0125806e-005
  8.6199183e-008
  1.4727892e-004
  2.6384616e-006
  1.8246494e-008
  2.1700214e-011
  9.4873314e-001
  2.1694131e-005
  1.8659404e-006
  1.4675074e-005
  3.9998448e-005
  5.1186461e-002
  9.4871461e-001
  2.1693707e-005
  1.8659024e-006
  1.4674778e-005
  3.9997668e-005
  5.1185461e-002
  9.4874498e-001
  2.1694402e-005
  4.5801472e-007
  3.6021519e-006
  3.9998948e-005
  5.1187100e-002
  9.4872645e-001
  2.1693977e-005
  4.5800539e-007
  3.6020791e-006
  3.9998167e-005
  5.1186101e-002
  4.0694473e+002
  1.1450312e+000
  6.3319341e-005
  0.0000000e+000
  0.0000000e+000
  0.0000000e+000
  1.8607575e-001
  1.4033039e-003
  7.5125317e-009
  5.8028993e-013
  2.3106525e-012
  1.3091202e-003
  4.5532091e-002
  2.3667457e-002
  3.5446824e+000
  5.3437448e-002
  5.1445688e-005
  1.1933232e-009
  4.5884568e+000
  3.2496432e+000
  6.0204145e-005
  1.0289306e-005
  3.1391701e-008
  1.9568450e-009
  2.1504823e-014
  1.4978221e-010
  8.7949064e-005
  4.0210960e-007
  1.9034451e-007
  9.8117947e-005
  5.3366405e-002
  4.3692823e-005
  5.9590623e-010
  5.0054822e+000
  5.1820754e-001
  7.0579406e-006
  8.7386462e-006
  1.7813934e-008
  8.5529750e-015
  9.2918464e-020
  6.4779930e-016
  4.7837329e-005
  2.1830532e-007
  3.0027709e-008
  1.2128070e-007
  1.6454393e+001
  2.1197911e-123
  2.9735723e+002
  5.7371503e+001
  1.9167197e-049
  9.3450172e-005
  7.3197867e-083
  2.4741617e-002
  3.8271306e+000
  2.7610992e-002
  1.0077594e-017
  3.8900715e-004
  5.7387425e-002
  6.5431246e-004
  5.7987738e-002
  5.1982001e-002
  0.0000000e+000
  4.1594577e-002
  3.6000000e-002
  0.0000000e+000
  4.8654072e-001
  7.1626041e-002
  8.2632325e-003
  3.1748131e-003
  2.7829535e-001
  8.0668837e-003
  9.1363661e-006
  8.8194225e-001
  6.9520318e-004
  8.2027386e-004
  3.2952158e-003
  2.1890882e-001
  1.5319292e-003
  1.5319292e-003
  1.8343608e-003
  4.0557542e-003
