  1.0000000e+000
  2.4300000e-002
  3.8270000e+000
  2.7600000e-002
  0.0000000e+000
  4.0000000e-004
  5.7400000e-002
  6.5400000e-004
  5.8000000e-002
  5.2000000e-002
  0.0000000e+000
  4.1600000e-002
  3.6000000e-002
  0.0000000e+000
  4.8700000e-001
  7.2000000e-002
  8.3000000e-003
  3.2000000e-003
  2.8000000e-001
  8.1000000e-003
  9.1000000e-006
  8.8000000e-001
  7.0000000e-004
  8.2000000e-004
  3.3000000e-003
  2.2000000e-001
  1.5000000e-003
  1.5000000e-003
  1.8000000e-003
