  0.0000000e+000 -8.5693989e+001
  2.9059562e-003 -8.5666430e+001
  5.8119124e-003 -8.5638912e+001
  8.7178685e-003 -8.5611436e+001
  1.3544782e-002 -8.5565878e+001
  1.8371696e-002 -8.5520428e+001
  2.3198609e-002 -8.5475092e+001
  2.8025523e-002 -8.5429869e+001
  4.3269529e-002 -8.5288143e+001
  5.8513535e-002 -8.5147510e+001
  7.3757541e-002 -8.5007952e+001
  1.3426517e-001 -8.4463305e+001
  1.9477280e-001 -8.3933746e+001
  2.5528044e-001 -8.3418502e+001
  3.1578807e-001 -8.2916672e+001
  4.3800206e-001 -8.1940558e+001
  5.6021604e-001 -8.1009064e+001
  6.8243003e-001 -8.0116362e+001
  8.0464401e-001 -7.9257501e+001
  9.2685800e-001 -7.8428222e+001
  1.1146057e+000 -7.7203633e+001
  1.3023534e+000 -7.6028432e+001
  1.4901011e+000 -7.4892707e+001
  1.6778488e+000 -7.3788133e+001
  1.8655965e+000 -7.2707572e+001
  2.0533442e+000 -7.1644785e+001
  2.2660925e+000 -7.0454946e+001
  2.4788409e+000 -6.9273542e+001
  2.6915893e+000 -6.8093896e+001
  2.9043377e+000 -6.6909508e+001
  3.1170861e+000 -6.5713588e+001
  3.2792015e+000 -6.4789868e+001
  3.4413169e+000 -6.3850856e+001
  3.6034324e+000 -6.2891233e+001
  3.7271856e+000 -6.2140515e+001
  3.8509389e+000 -6.1369374e+001
  3.9746921e+000 -6.0571950e+001
  4.0657819e+000 -5.9963632e+001
  4.1568717e+000 -5.9332354e+001
  4.2479614e+000 -5.8672230e+001
  4.3170099e+000 -5.8147867e+001
  4.3860584e+000 -5.7597789e+001
  4.4551069e+000 -5.7015903e+001
  4.5107900e+000 -5.6518062e+001
  4.5664732e+000 -5.5988685e+001
  4.6221563e+000 -5.5420361e+001
  4.6673379e+000 -5.4923918e+001
  4.7125195e+000 -5.4388380e+001
  4.7577011e+000 -5.3804489e+001
  4.7944146e+000 -5.3286035e+001
  4.8311281e+000 -5.2718706e+001
  4.8678417e+000 -5.2090792e+001
  4.8979638e+000 -5.1519541e+001
  4.9280859e+000 -5.0885467e+001
  4.9582079e+000 -5.0173231e+001
  4.9883300e+000 -4.9362180e+001
  4.9946783e+000 -4.9176236e+001
  4.9983230e+000 -4.9066820e+001
  4.9994919e+000 -4.9031302e+001
  5.0004332e+000 -4.9006672e+001
  5.0011990e+000 -4.8989682e+001
  5.0019648e+000 -4.8973612e+001
  5.0027307e+000 -4.8957446e+001
  5.0034965e+000 -4.8940991e+001
  5.0042623e+000 -4.8924360e+001
  5.0059997e+000 -4.8886352e+001
  5.0077371e+000 -4.8847878e+001
  5.0094744e+000 -4.8808932e+001
  5.0112118e+000 -4.8769501e+001
  5.0178056e+000 -4.8615361e+001
  5.0243994e+000 -4.8453833e+001
  5.0309932e+000 -4.8284629e+001
  5.0375870e+000 -4.8107444e+001
  5.0441808e+000 -4.7921928e+001
  5.0616621e+000 -4.7386456e+001
  5.0791433e+000 -4.6780363e+001
  5.0966245e+000 -4.6092155e+001
  5.1141057e+000 -4.5307007e+001
  5.1315870e+000 -4.4405930e+001
  5.1455719e+000 -4.3585823e+001
  5.1595568e+000 -4.2660780e+001
  5.1735417e+000 -4.1612071e+001
  5.1841006e+000 -4.0725062e+001
  5.1898593e+000 -4.0202361e+001
  5.1917852e+000 -4.0020939e+001
  5.1937111e+000 -3.9836070e+001
  5.1956370e+000 -3.9647696e+001
  5.1975629e+000 -3.9455752e+001
  5.1994888e+000 -3.9260149e+001
  5.2014147e+000 -3.9060799e+001
  5.2052393e+000 -3.8653362e+001
  5.2090638e+000 -3.8230049e+001
  5.2128884e+000 -3.7790108e+001
  5.2167129e+000 -3.7332736e+001
  5.2248281e+000 -3.6300784e+001
  5.2329433e+000 -3.5178234e+001
  5.2410584e+000 -3.3956020e+001
  5.2491736e+000 -3.2624602e+001
  5.2572887e+000 -3.1174188e+001
  5.2672841e+000 -2.9209840e+001
  5.2772795e+000 -2.7033344e+001
  5.2852908e+000 -2.5125930e+001
  5.2933021e+000 -2.3068111e+001
  5.2995318e+000 -2.1362479e+001
  5.3057615e+000 -1.9565457e+001
  5.3119912e+000 -1.7679589e+001
  5.3170931e+000 -1.6071928e+001
  5.3221949e+000 -1.4411108e+001
  5.3272967e+000 -1.2701625e+001
  5.3323986e+000 -1.0948898e+001
  5.3375004e+000 -9.1592023e+000
  5.3436699e+000 -6.9557227e+000
  5.3498393e+000 -4.7222846e+000
  5.3547131e+000 -2.9463850e+000
  5.3595869e+000 -1.1683121e+000
  5.3637797e+000  3.5750752e-001
  5.3679725e+000  1.8750117e+000
  5.3721654e+000  3.3798558e+000
  5.3763582e+000  4.8679370e+000
  5.3805510e+000  6.3354450e+000
  5.3853925e+000  7.9998375e+000
  5.3902340e+000  9.6273924e+000
  5.3950754e+000  1.1214023e+001
  5.3999169e+000  1.2756313e+001
  5.4047584e+000  1.4251502e+001
  5.4095999e+000  1.5697463e+001
  5.4169671e+000  1.7800014e+001
  5.4243343e+000  1.9782152e+001
  5.4317015e+000  2.1643408e+001
  5.4390687e+000  2.3385354e+001
  5.4464358e+000  2.5011137e+001
  5.4538030e+000  2.6525102e+001
  5.4622871e+000  2.8136814e+001
  5.4707712e+000  2.9615895e+001
  5.4792553e+000  3.0971553e+001
  5.4877394e+000  3.2213042e+001
  5.4962235e+000  3.3349420e+001
  5.5047075e+000  3.4389380e+001
  5.5163255e+000  3.5671889e+001
  5.5279434e+000  3.6808257e+001
  5.5395613e+000  3.7815794e+001
  5.5511792e+000  3.8709812e+001
  5.5627971e+000  3.9503768e+001
  5.5744150e+000  4.0209439e+001
  5.5918692e+000  4.1125927e+001
  5.6093234e+000  4.1895529e+001
  5.6267776e+000  4.2542163e+001
  5.6442318e+000  4.3085415e+001
  5.6616860e+000  4.3541408e+001
  5.6791402e+000  4.3923449e+001
  5.6981092e+000  4.4267567e+001
  5.7170781e+000  4.4549000e+001
  5.7360471e+000  4.4777446e+001
  5.7550160e+000  4.4960948e+001
  5.7739850e+000  4.5106201e+001
  5.7929539e+000  4.5218808e+001
  5.8119229e+000  4.5303489e+001
  5.8393488e+000  4.5384501e+001
  5.8667748e+000  4.5425284e+001
  5.8942007e+000  4.5433724e+001
  5.9216267e+000  4.5416100e+001
  5.9490527e+000  4.5377427e+001
  5.9764786e+000  4.5321741e+001
  6.0039046e+000  4.5252311e+001
  6.0355654e+000  4.5158508e+001
  6.0672262e+000  4.5053175e+001
  6.0988870e+000  4.4938900e+001
  6.1305478e+000  4.4817734e+001
  6.1622087e+000  4.4691314e+001
  6.1938695e+000  4.4560949e+001
  6.2255303e+000  4.4427693e+001
  6.2666174e+000  4.4251820e+001
  6.3077045e+000  4.4073958e+001
  6.3487916e+000  4.3895231e+001
  6.3898787e+000  4.3716507e+001
  6.4309657e+000  4.3538461e+001
  6.4720528e+000  4.3361619e+001
  6.5131399e+000  4.3186399e+001
  6.5692610e+000  4.2950276e+001
  6.6253820e+000  4.2718438e+001
  6.6815031e+000  4.2491364e+001
  6.7376241e+000  4.2269402e+001
  6.7937452e+000  4.2052802e+001
  6.8498662e+000  4.1841743e+001
  6.9059873e+000  4.1636344e+001
  6.9980055e+000  4.1311989e+001
  7.0900238e+000  4.1003126e+001
  7.1820420e+000  4.0709646e+001
  7.2740603e+000  4.0431292e+001
  7.3660786e+000  4.0167698e+001
  7.4580968e+000  3.9918400e+001
  7.5847722e+000  3.9597630e+001
  7.7114477e+000  3.9301485e+001
  7.8381231e+000  3.9028427e+001
  7.9647985e+000  3.8776889e+001
  8.0914740e+000  3.8545289e+001
  8.2181494e+000  3.8332076e+001
  8.3546873e+000  3.8121182e+001
  8.4912252e+000  3.7928238e+001
  8.6277630e+000  3.7751599e+001
  8.7643009e+000  3.7589713e+001
  8.9008388e+000  3.7441177e+001
  9.0373767e+000  3.7304717e+001
  9.1974072e+000  3.7158546e+001
  9.3574377e+000  3.7025586e+001
  9.5174683e+000  3.6904294e+001
  9.6774988e+000  3.6793305e+001
  9.8375293e+000  3.6691404e+001
  9.9975598e+000  3.6597512e+001
  1.0189557e+001  3.6494099e+001
  1.0381555e+001  3.6399421e+001
  1.0573552e+001  3.6312259e+001
  1.0765550e+001  3.6231571e+001
  1.0957547e+001  3.6156460e+001
  1.1149544e+001  3.6086165e+001
  1.1341542e+001  3.6020039e+001
  1.1533730e+001  3.5957470e+001
  1.1725917e+001  3.5898056e+001
  1.1918105e+001  3.5841392e+001
  1.2110293e+001  3.5787138e+001
  1.2302481e+001  3.5735003e+001
  1.2494669e+001  3.5684740e+001
  1.2686856e+001  3.5636139e+001
  1.2918611e+001  3.5579488e+001
  1.3150365e+001  3.5524728e+001
  1.3382120e+001  3.5471638e+001
  1.3613874e+001  3.5420037e+001
  1.3845628e+001  3.5369774e+001
  1.4077383e+001  3.5320721e+001
  1.4309137e+001  3.5272775e+001
  1.4636503e+001  3.5206764e+001
  1.4963869e+001  3.5142582e+001
  1.5291236e+001  3.5080072e+001
  1.5618602e+001  3.5019105e+001
  1.5945968e+001  3.4959584e+001
  1.6273334e+001  3.4901427e+001
  1.6600700e+001  3.4844572e+001
  1.6928066e+001  3.4788967e+001
  1.7255432e+001  3.4734571e+001
  1.7582798e+001  3.4681351e+001
  1.7910164e+001  3.4629280e+001
  1.8240044e+001  3.4577949e+001
  1.8569923e+001  3.4527745e+001
  1.8899802e+001  3.4478652e+001
  1.9229681e+001  3.4430657e+001
  1.9559560e+001  3.4383750e+001
  1.9889440e+001  3.4337922e+001
  2.0219319e+001  3.4293163e+001
  2.0549198e+001  3.4249466e+001
  2.0811953e+001  3.4215415e+001
  2.1074708e+001  3.4182029e+001
  2.1337463e+001  3.4149304e+001
  2.1600218e+001  3.4117236e+001
  2.1814325e+001  3.4091591e+001
  2.1989120e+001  3.4070977e+001
  2.2163915e+001  3.4050654e+001
  2.2338710e+001  3.4030625e+001
  2.2513505e+001  3.4010893e+001
  2.2688300e+001  3.3991465e+001
  2.2863094e+001  3.3972353e+001
  2.3037889e+001  3.3953574e+001
  2.3177023e+001  3.3938879e+001
  2.3285716e+001  3.3927568e+001
  2.3394409e+001  3.3916416e+001
  2.3503103e+001  3.3905433e+001
  2.3586599e+001  3.3897121e+001
  2.3670094e+001  3.3888924e+001
  2.3753590e+001  3.3880851e+001
  2.3837086e+001  3.3872909e+001
  2.3920581e+001  3.3865107e+001
  2.4004077e+001  3.3857454e+001
  2.4071987e+001  3.3851345e+001
  2.4139896e+001  3.3845346e+001
  2.4207805e+001  3.3839462e+001
  2.4275714e+001  3.3833696e+001
  2.4336391e+001  3.3828649e+001
  2.4397068e+001  3.3823703e+001
  2.4446358e+001  3.3819763e+001
  2.4495647e+001  3.3815892e+001
  2.4544936e+001  3.3812094e+001
  2.4585658e+001  3.3809010e+001
  2.4626379e+001  3.3805977e+001
  2.4667101e+001  3.3802994e+001
  2.4707823e+001  3.3800063e+001
  2.4748544e+001  3.3797184e+001
  2.4789266e+001  3.3794357e+001
  2.4840322e+001  3.3790887e+001
  2.4891378e+001  3.3787500e+001
  2.4942434e+001  3.3784197e+001
  2.4993490e+001  3.3780977e+001
  2.5044546e+001  3.3777842e+001
  2.5095603e+001  3.3774791e+001
  2.5146659e+001  3.3771823e+001
  2.5202772e+001  3.3768658e+001
  2.5258886e+001  3.3765594e+001
  2.5314999e+001  3.3762630e+001
  2.5371113e+001  3.3759765e+001
  2.5427226e+001  3.3756998e+001
  2.5483340e+001  3.3754329e+001
  2.5539454e+001  3.3751757e+001
  2.5612876e+001  3.3748534e+001
  2.5686298e+001  3.3745471e+001
  2.5759720e+001  3.3742564e+001
  2.5833142e+001  3.3739809e+001
  2.5906564e+001  3.3737204e+001
  2.5979986e+001  3.3734744e+001
  2.6053408e+001  3.3732424e+001
  2.6160643e+001  3.3729279e+001
  2.6267878e+001  3.3726411e+001
  2.6375113e+001  3.3723804e+001
  2.6482348e+001  3.3721443e+001
  2.6589583e+001  3.3719312e+001
  2.6696817e+001  3.3717397e+001
  2.6855976e+001  3.3714916e+001
  2.7015134e+001  3.3712819e+001
  2.7174292e+001  3.3711055e+001
  2.7333450e+001  3.3709570e+001
  2.7492608e+001  3.3708314e+001
  2.7651767e+001  3.3707234e+001
  2.7810925e+001  3.3706283e+001
  2.8024759e+001  3.3705123e+001
  2.8238594e+001  3.3703999e+001
  2.8452428e+001  3.3702806e+001
  2.8666262e+001  3.3701449e+001
  2.8880097e+001  3.3699839e+001
  2.9093931e+001  3.3697896e+001
  2.9363906e+001  3.3694857e+001
  2.9633881e+001  3.3691047e+001
  2.9903855e+001  3.3686358e+001
  3.0173830e+001  3.3680701e+001
  3.0443805e+001  3.3674005e+001
  3.0713779e+001  3.3666212e+001
  3.1056481e+001  3.3654674e+001
  3.1399183e+001  3.3641240e+001
  3.1741885e+001  3.3625874e+001
  3.2084586e+001  3.3608562e+001
  3.2427288e+001  3.3589306e+001
  3.2769990e+001  3.3568121e+001
  3.3189553e+001  3.3539594e+001
  3.3609116e+001  3.3508271e+001
  3.4028680e+001  3.3474221e+001
  3.4448243e+001  3.3437520e+001
  3.4867807e+001  3.3398245e+001
  3.5287370e+001  3.3356475e+001
  3.5814883e+001  3.3300538e+001
  3.6342397e+001  3.3240931e+001
  3.6869910e+001  3.3177799e+001
  3.7397423e+001  3.3111279e+001
  3.7924937e+001  3.3041504e+001
  3.8452450e+001  3.2968595e+001
  3.9197467e+001  3.2860513e+001
  3.9942484e+001  3.2746720e+001
  4.0687501e+001  3.2627499e+001
  4.1432519e+001  3.2503114e+001
  4.2177536e+001  3.2373807e+001
  4.2922553e+001  3.2239804e+001
  4.3814099e+001  3.2073565e+001
  4.4705645e+001  3.1901231e+001
  4.5597192e+001  3.1723106e+001
  4.6488738e+001  3.1539468e+001
  4.7380285e+001  3.1350571e+001
  4.8271831e+001  3.1156650e+001
  4.9163377e+001  3.0957919e+001
  5.0200323e+001  3.0720988e+001
  5.1237269e+001  3.0478099e+001
  5.2274214e+001  3.0229511e+001
  5.3311160e+001  2.9975459e+001
  5.4348105e+001  2.9716160e+001
  5.5385051e+001  2.9451811e+001
  5.6421996e+001  2.9182596e+001
  5.7791556e+001  2.8819863e+001
  5.9161116e+001  2.8449311e+001
  6.0530676e+001  2.8071278e+001
  6.1900236e+001  2.7686081e+001
  6.3269796e+001  2.7294020e+001
  6.4639355e+001  2.6895382e+001
  6.6639355e+001  2.6301997e+001
  6.8639355e+001  2.5695999e+001
  7.0639355e+001  2.5078185e+001
  7.2639355e+001  2.4449331e+001
  7.4639355e+001  2.3810203e+001
  7.6639355e+001  2.3161551e+001
  7.8639355e+001  2.2504119e+001
  8.0639355e+001  2.1838639e+001
  8.2639355e+001  2.1165836e+001
  8.4639355e+001  2.0486427e+001
  8.6639355e+001  1.9801117e+001
  8.8639355e+001  1.9110602e+001
  9.0639355e+001  1.8415564e+001
  9.2639355e+001  1.7716669e+001
  9.4639355e+001  1.7014566e+001
  9.6639355e+001  1.6309882e+001
  9.8639355e+001  1.5603221e+001
  1.0063936e+002  1.4895158e+001
  1.0263936e+002  1.4186233e+001
  1.0463936e+002  1.3476951e+001
  1.0663936e+002  1.2767767e+001
  1.0863936e+002  1.2059088e+001
  1.1063936e+002  1.1351260e+001
  1.1263936e+002  1.0644565e+001
  1.1463936e+002  9.9392105e+000
  1.1663936e+002  9.2353241e+000
  1.1863936e+002  8.5329428e+000
  1.2063936e+002  7.8320079e+000
  1.2263936e+002  7.1323576e+000
  1.2463936e+002  6.4337209e+000
  1.2663936e+002  5.7357115e+000
  1.2863936e+002  5.0378233e+000
  1.3063936e+002  4.3394259e+000
  1.3263936e+002  3.6397610e+000
  1.3463936e+002  2.9379388e+000
  1.3663936e+002  2.2329345e+000
  1.3863936e+002  1.5235852e+000
  1.4063936e+002  8.0858740e-001
  1.4263936e+002  8.6494202e-002
  1.4463936e+002 -6.4428762e-001
  1.4663936e+002 -1.3855000e+000
  1.4863936e+002 -2.1390351e+000
  1.5063936e+002 -2.9069361e+000
  1.5263936e+002 -3.6913961e+000
  1.5463936e+002 -4.4947550e+000
  1.5663936e+002 -5.3194914e+000
  1.5863936e+002 -6.1682146e+000
  1.6063936e+002 -7.0436494e+000
  1.6263936e+002 -7.9486174e+000
  1.6463936e+002 -8.8860156e+000
  1.6663936e+002 -9.8587962e+000
  1.6863936e+002 -1.0869951e+001
  1.7063936e+002 -1.1922510e+001
  1.7263936e+002 -1.3019580e+001
  1.7463936e+002 -1.4164434e+001
  1.7663936e+002 -1.5360703e+001
  1.7863936e+002 -1.6612730e+001
  1.8063936e+002 -1.7926166e+001
  1.8226763e+002 -1.9046184e+001
  1.8389590e+002 -2.0218053e+001
  1.8552418e+002 -2.1450093e+001
  1.8677187e+002 -2.2441924e+001
  1.8801955e+002 -2.3482631e+001
  1.8902907e+002 -2.4366320e+001
  1.9003859e+002 -2.5293178e+001
  1.9086761e+002 -2.6091111e+001
  1.9169663e+002 -2.6926531e+001
  1.9252565e+002 -2.7803840e+001
  1.9318748e+002 -2.8537427e+001
  1.9384931e+002 -2.9303185e+001
  1.9451113e+002 -3.0103633e+001
  1.9517296e+002 -3.0941282e+001
  1.9583479e+002 -3.1818607e+001
  1.9636945e+002 -3.2557976e+001
  1.9690410e+002 -3.3326061e+001
  1.9733966e+002 -3.3973853e+001
  1.9777522e+002 -3.4642165e+001
  1.9811901e+002 -3.5184585e+001
  1.9846280e+002 -3.5740526e+001
  1.9880659e+002 -3.6310325e+001
  1.9909184e+002 -3.6793872e+001
  1.9937709e+002 -3.7287400e+001
  1.9966235e+002 -3.7791120e+001
  1.9994760e+002 -3.8305251e+001
  2.0023285e+002 -3.8830021e+001
  2.0051810e+002 -3.9365668e+001
  2.0083760e+002 -3.9978835e+001
  2.0088331e+002 -4.0067715e+001
  2.0092105e+002 -4.0141325e+001
  2.0095878e+002 -4.0215136e+001
  2.0099652e+002 -4.0289150e+001
  2.0103426e+002 -4.0363365e+001
  2.0107200e+002 -4.0437784e+001
  2.0115593e+002 -4.0604003e+001
  2.0123985e+002 -4.0771237e+001
  2.0132377e+002 -4.0939492e+001
  2.0140769e+002 -4.1108776e+001
  2.0161141e+002 -4.1524015e+001
  2.0181512e+002 -4.1945464e+001
  2.0201883e+002 -4.2373234e+001
  2.0222254e+002 -4.2807439e+001
  2.0242625e+002 -4.3248196e+001
  2.0267445e+002 -4.3794221e+001
  2.0292264e+002 -4.4350374e+001
  2.0317083e+002 -4.4916888e+001
  2.0341902e+002 -4.5494004e+001
  2.0366722e+002 -4.6081973e+001
  2.0391541e+002 -4.6681054e+001
  2.0425104e+002 -4.7509340e+001
  2.0458667e+002 -4.8359133e+001
  2.0492229e+002 -4.9231154e+001
  2.0525792e+002 -5.0126148e+001
  2.0559355e+002 -5.1044870e+001
  2.0592918e+002 -5.1988075e+001
  2.0628651e+002 -5.3019983e+001
  2.0664383e+002 -5.4081271e+001
  2.0700116e+002 -5.5172615e+001
  2.0735849e+002 -5.6294482e+001
  2.0771582e+002 -5.7447041e+001
  2.0807314e+002 -5.8630040e+001
  2.0848445e+002 -6.0028350e+001
  2.0883195e+002 -6.1238544e+001
  2.0917945e+002 -6.2472638e+001
  2.0952694e+002 -6.3727261e+001
  2.0987444e+002 -6.4997903e+001
  2.1022194e+002 -6.6278794e+001
  2.1056944e+002 -6.7562850e+001
  2.1091694e+002 -6.8841725e+001
  2.1126443e+002 -7.0105980e+001
  2.1161740e+002 -7.1364639e+001
  2.1189054e+002 -7.2314009e+001
  2.1216368e+002 -7.3236336e+001
  2.1243681e+002 -7.4126835e+001
  2.1270995e+002 -7.4981142e+001
  2.1298309e+002 -7.5795473e+001
  2.1308446e+002 -7.6086872e+001
  2.1316956e+002 -7.6326815e+001
  2.1325466e+002 -7.6562415e+001
  2.1333975e+002 -7.6793613e+001
  2.1342485e+002 -7.7020354e+001
  2.1350995e+002 -7.7242593e+001
  2.1366184e+002 -7.7627987e+001
  2.1381374e+002 -7.7998775e+001
  2.1396563e+002 -7.8354876e+001
  2.1411753e+002 -7.8696290e+001
  2.1426942e+002 -7.9023084e+001
  2.1451300e+002 -7.9516959e+001
  2.1475659e+002 -7.9974431e+001
  2.1500017e+002 -8.0396676e+001
  2.1524375e+002 -8.0785127e+001
  2.1548734e+002 -8.1141413e+001
  2.1573092e+002 -8.1467304e+001
  2.1606731e+002 -8.1870857e+001
  2.1640370e+002 -8.2224975e+001
  2.1674009e+002 -8.2534624e+001
  2.1707648e+002 -8.2804612e+001
  2.1741287e+002 -8.3039479e+001
  2.1779094e+002 -8.3266761e+001
  2.1816901e+002 -8.3460421e+001
  2.1854708e+002 -8.3625274e+001
  2.1892515e+002 -8.3765557e+001
  2.1930322e+002 -8.3884973e+001
  2.1968129e+002 -8.3986722e+001
  2.2014211e+002 -8.4090814e+001
  2.2060293e+002 -8.4176901e+001
  2.2106374e+002 -8.4248402e+001
  2.2152456e+002 -8.4308106e+001
  2.2198538e+002 -8.4358283e+001
  2.2244619e+002 -8.4400765e+001
  2.2306945e+002 -8.4448585e+001
  2.2369270e+002 -8.4487852e+001
  2.2431596e+002 -8.4520674e+001
  2.2493921e+002 -8.4548633e+001
  2.2556246e+002 -8.4572911e+001
  2.2618572e+002 -8.4594384e+001
  2.2703461e+002 -8.4620278e+001
  2.2788351e+002 -8.4643315e+001
  2.2873240e+002 -8.4664269e+001
  2.2958130e+002 -8.4683681e+001
  2.3043019e+002 -8.4701922e+001
  2.3127909e+002 -8.4719246e+001
  2.3234561e+002 -8.4739974e+001
  2.3341214e+002 -8.4759750e+001
  2.3447866e+002 -8.4778725e+001
  2.3554519e+002 -8.4797011e+001
  2.3661172e+002 -8.4814686e+001
  2.3767824e+002 -8.4831804e+001
  2.3881000e+002 -8.4849406e+001
  2.3994177e+002 -8.4866466e+001
  2.4107353e+002 -8.4883017e+001
  2.4220529e+002 -8.4899086e+001
  2.4333706e+002 -8.4914697e+001
  2.4510179e+002 -8.4938171e+001
  2.4686651e+002 -8.4960646e+001
  2.4863124e+002 -8.4982184e+001
  2.5039597e+002 -8.5002837e+001
  2.5216070e+002 -8.5022652e+001
  2.5416070e+002 -8.5044153e+001
  2.5616070e+002 -8.5064695e+001
  2.5816070e+002 -8.5084332e+001
  2.6016070e+002 -8.5103114e+001
  2.6216070e+002 -8.5121090e+001
  2.6416070e+002 -8.5138304e+001
  2.6616070e+002 -8.5154795e+001
  2.6816070e+002 -8.5170604e+001
  2.7016070e+002 -8.5185766e+001
  2.7216070e+002 -8.5200314e+001
  2.7416070e+002 -8.5214282e+001
  2.7616070e+002 -8.5227698e+001
  2.7816070e+002 -8.5240590e+001
  2.8016070e+002 -8.5252985e+001
  2.8216070e+002 -8.5264908e+001
  2.8416070e+002 -8.5276382e+001
  2.8616070e+002 -8.5287429e+001
  2.8816070e+002 -8.5298070e+001
  2.9016070e+002 -8.5308323e+001
  2.9216070e+002 -8.5318208e+001
  2.9416070e+002 -8.5327741e+001
  2.9616070e+002 -8.5336940e+001
  2.9816070e+002 -8.5345819e+001
  3.0016070e+002 -8.5354392e+001
  3.0216070e+002 -8.5362675e+001
  3.0416070e+002 -8.5370679e+001
  3.0616070e+002 -8.5378417e+001
  3.0816070e+002 -8.5385901e+001
  3.1016070e+002 -8.5393141e+001
  3.1216070e+002 -8.5400148e+001
  3.1416070e+002 -8.5406932e+001
  3.1616070e+002 -8.5413503e+001
  3.1816070e+002 -8.5419868e+001
  3.2016070e+002 -8.5426037e+001
  3.2216070e+002 -8.5432018e+001
  3.2416070e+002 -8.5437817e+001
  3.2616070e+002 -8.5443444e+001
  3.2816070e+002 -8.5448903e+001
  3.3016070e+002 -8.5454202e+001
  3.3216070e+002 -8.5459347e+001
  3.3416070e+002 -8.5464344e+001
  3.3616070e+002 -8.5469198e+001
  3.3816070e+002 -8.5473915e+001
  3.4016070e+002 -8.5478500e+001
  3.4216070e+002 -8.5482959e+001
  3.4416070e+002 -8.5487294e+001
  3.4616070e+002 -8.5491512e+001
  3.4816070e+002 -8.5495615e+001
  3.5016070e+002 -8.5499609e+001
  3.5216070e+002 -8.5503498e+001
  3.5416070e+002 -8.5507284e+001
  3.5616070e+002 -8.5510971e+001
  3.5816070e+002 -8.5514563e+001
  3.6016070e+002 -8.5518063e+001
  3.6216070e+002 -8.5521474e+001
  3.6416070e+002 -8.5524800e+001
  3.6616070e+002 -8.5528042e+001
  3.6816070e+002 -8.5531204e+001
  3.7016070e+002 -8.5534288e+001
  3.7216070e+002 -8.5537297e+001
  3.7416070e+002 -8.5540233e+001
  3.7616070e+002 -8.5543099e+001
  3.7816070e+002 -8.5545897e+001
  3.8016070e+002 -8.5548628e+001
  3.8216070e+002 -8.5551296e+001
  3.8416070e+002 -8.5553901e+001
  3.8616070e+002 -8.5556446e+001
  3.8816070e+002 -8.5558933e+001
  3.9016070e+002 -8.5561363e+001
  3.9216070e+002 -8.5563739e+001
  3.9416070e+002 -8.5566061e+001
  3.9616070e+002 -8.5568331e+001
  3.9816070e+002 -8.5570551e+001
  4.0016070e+002 -8.5572723e+001
  4.0216070e+002 -8.5574847e+001
  4.0416070e+002 -8.5576925e+001
  4.0616070e+002 -8.5578959e+001
  4.0816070e+002 -8.5580949e+001
  4.1016070e+002 -8.5582897e+001
  4.1216070e+002 -8.5584804e+001
  4.1416070e+002 -8.5586671e+001
  4.1616070e+002 -8.5588499e+001
  4.1816070e+002 -8.5590290e+001
  4.2016070e+002 -8.5592044e+001
  4.2216070e+002 -8.5593762e+001
  4.2416070e+002 -8.5595445e+001
  4.2616070e+002 -8.5597095e+001
  4.2816070e+002 -8.5598711e+001
  4.3016070e+002 -8.5600296e+001
  4.3216070e+002 -8.5601849e+001
  4.3416070e+002 -8.5603372e+001
  4.3616070e+002 -8.5604865e+001
  4.3816070e+002 -8.5606329e+001
  4.4016070e+002 -8.5607765e+001
  4.4216070e+002 -8.5609173e+001
  4.4416070e+002 -8.5610555e+001
  4.4616070e+002 -8.5611910e+001
  4.4816070e+002 -8.5613241e+001
  4.5016070e+002 -8.5614546e+001
  4.5216070e+002 -8.5615827e+001
  4.5416070e+002 -8.5617084e+001
  4.5616070e+002 -8.5618318e+001
  4.5816070e+002 -8.5619530e+001
  4.6016070e+002 -8.5620720e+001
  4.6216070e+002 -8.5621888e+001
  4.6416070e+002 -8.5623035e+001
  4.6616070e+002 -8.5624162e+001
  4.6816070e+002 -8.5625269e+001
  4.7016070e+002 -8.5626356e+001
  4.7216070e+002 -8.5627424e+001
  4.7416070e+002 -8.5628474e+001
  4.7616070e+002 -8.5629505e+001
  4.7816070e+002 -8.5630519e+001
  4.8016070e+002 -8.5631515e+001
  4.8216070e+002 -8.5632494e+001
  4.8416070e+002 -8.5633456e+001
  4.8616070e+002 -8.5634402e+001
  4.8816070e+002 -8.5635333e+001
  4.9016070e+002 -8.5636247e+001
  4.9216070e+002 -8.5637147e+001
  4.9416070e+002 -8.5638031e+001
  4.9616070e+002 -8.5638901e+001
  4.9816070e+002 -8.5639757e+001
  5.0016070e+002 -8.5640598e+001
  5.0216070e+002 -8.5641426e+001
  5.0416070e+002 -8.5642241e+001
  5.0616070e+002 -8.5643042e+001
  5.0816070e+002 -8.5643831e+001
  5.1016070e+002 -8.5644607e+001
  5.1216070e+002 -8.5645371e+001
  5.1416070e+002 -8.5646123e+001
  5.1616070e+002 -8.5646863e+001
  5.1816070e+002 -8.5647591e+001
  5.2016070e+002 -8.5648308e+001
  5.2216070e+002 -8.5649014e+001
  5.2416070e+002 -8.5649709e+001
  5.2616070e+002 -8.5650394e+001
  5.2816070e+002 -8.5651068e+001
  5.3016070e+002 -8.5651732e+001
  5.3216070e+002 -8.5652385e+001
  5.3416070e+002 -8.5653029e+001
  5.3616070e+002 -8.5653663e+001
  5.3816070e+002 -8.5654288e+001
  5.4016070e+002 -8.5654904e+001
  5.4216070e+002 -8.5655510e+001
  5.4416070e+002 -8.5656107e+001
  5.4616070e+002 -8.5656696e+001
  5.4816070e+002 -8.5657276e+001
  5.5016070e+002 -8.5657848e+001
  5.5216070e+002 -8.5658411e+001
  5.5416070e+002 -8.5658966e+001
  5.5616070e+002 -8.5659513e+001
  5.5816070e+002 -8.5660053e+001
  5.6016070e+002 -8.5660584e+001
  5.6216070e+002 -8.5661109e+001
  5.6416070e+002 -8.5661625e+001
  5.6616070e+002 -8.5662135e+001
  5.6816070e+002 -8.5662637e+001
  5.7016070e+002 -8.5663132e+001
  5.7216070e+002 -8.5663621e+001
  5.7416070e+002 -8.5664103e+001
  5.7616070e+002 -8.5664578e+001
  5.7816070e+002 -8.5665046e+001
  5.8016070e+002 -8.5665508e+001
  5.8216070e+002 -8.5665964e+001
  5.8416070e+002 -8.5666414e+001
  5.8616070e+002 -8.5666857e+001
  5.8816070e+002 -8.5667295e+001
  5.9016070e+002 -8.5667726e+001
  5.9216070e+002 -8.5668152e+001
  5.9416070e+002 -8.5668572e+001
  5.9616070e+002 -8.5668987e+001
  5.9816070e+002 -8.5669396e+001
  6.0016070e+002 -8.5669800e+001
  6.0216070e+002 -8.5670198e+001
  6.0416070e+002 -8.5670592e+001
  6.0616070e+002 -8.5670980e+001
  6.0816070e+002 -8.5671363e+001
  6.1016070e+002 -8.5671741e+001
  6.1216070e+002 -8.5672114e+001
  6.1416070e+002 -8.5672483e+001
  6.1616070e+002 -8.5672846e+001
  6.1816070e+002 -8.5673205e+001
  6.2016070e+002 -8.5673560e+001
  6.2216070e+002 -8.5673910e+001
  6.2416070e+002 -8.5674255e+001
  6.2616070e+002 -8.5674597e+001
  6.2816070e+002 -8.5674934e+001
  6.3016070e+002 -8.5675266e+001
  6.3216070e+002 -8.5675595e+001
  6.3416070e+002 -8.5675919e+001
  6.3616070e+002 -8.5676240e+001
  6.3816070e+002 -8.5676556e+001
  6.4016070e+002 -8.5676869e+001
  6.4216070e+002 -8.5677178e+001
  6.4416070e+002 -8.5677483e+001
  6.4616070e+002 -8.5677784e+001
  6.4816070e+002 -8.5678082e+001
  6.5016070e+002 -8.5678376e+001
  6.5216070e+002 -8.5678666e+001
  6.5416070e+002 -8.5678953e+001
  6.5616070e+002 -8.5679237e+001
  6.5816070e+002 -8.5679517e+001
  6.6016070e+002 -8.5679794e+001
  6.6216070e+002 -8.5680067e+001
  6.6416070e+002 -8.5680337e+001
  6.6616070e+002 -8.5680604e+001
  6.6816070e+002 -8.5680868e+001
  6.7016070e+002 -8.5681129e+001
  6.7216070e+002 -8.5681387e+001
  6.7416070e+002 -8.5681642e+001
  6.7616070e+002 -8.5681893e+001
  6.7816070e+002 -8.5682142e+001
  6.8016070e+002 -8.5682388e+001
  6.8216070e+002 -8.5682631e+001
  6.8416070e+002 -8.5682872e+001
  6.8616070e+002 -8.5683109e+001
  6.8816070e+002 -8.5683344e+001
  6.9016070e+002 -8.5683576e+001
  6.9216070e+002 -8.5683806e+001
  6.9416070e+002 -8.5684033e+001
  6.9616070e+002 -8.5684257e+001
  6.9816070e+002 -8.5684479e+001
  7.0016070e+002 -8.5684698e+001
  7.0216070e+002 -8.5684915e+001
  7.0416070e+002 -8.5685129e+001
  7.0616070e+002 -8.5685341e+001
  7.0816070e+002 -8.5685551e+001
  7.1016070e+002 -8.5685758e+001
  7.1216070e+002 -8.5685963e+001
  7.1416070e+002 -8.5686166e+001
  7.1616070e+002 -8.5686367e+001
  7.1816070e+002 -8.5686565e+001
  7.2016070e+002 -8.5686761e+001
  7.2216070e+002 -8.5686955e+001
  7.2416070e+002 -8.5687147e+001
  7.2616070e+002 -8.5687337e+001
  7.2816070e+002 -8.5687525e+001
  7.3016070e+002 -8.5687710e+001
  7.3216070e+002 -8.5687894e+001
  7.3416070e+002 -8.5688076e+001
  7.3616070e+002 -8.5688256e+001
  7.3816070e+002 -8.5688433e+001
  7.4016070e+002 -8.5688609e+001
  7.4216070e+002 -8.5688783e+001
  7.4416070e+002 -8.5688956e+001
  7.4616070e+002 -8.5689126e+001
  7.4816070e+002 -8.5689295e+001
  7.5016070e+002 -8.5689461e+001
  7.5216070e+002 -8.5689626e+001
  7.5416070e+002 -8.5689790e+001
  7.5616070e+002 -8.5689951e+001
  7.5816070e+002 -8.5690111e+001
  7.6016070e+002 -8.5690269e+001
  7.6216070e+002 -8.5690426e+001
  7.6416070e+002 -8.5690581e+001
  7.6616070e+002 -8.5690734e+001
  7.6816070e+002 -8.5690886e+001
  7.7016070e+002 -8.5691036e+001
  7.7216070e+002 -8.5691185e+001
  7.7416070e+002 -8.5691332e+001
  7.7616070e+002 -8.5691478e+001
  7.7816070e+002 -8.5691622e+001
  7.8016070e+002 -8.5691764e+001
  7.8216070e+002 -8.5691906e+001
  7.8416070e+002 -8.5692045e+001
  7.8616070e+002 -8.5692184e+001
  7.8816070e+002 -8.5692321e+001
  7.9016070e+002 -8.5692456e+001
  7.9216070e+002 -8.5692590e+001
  7.9416070e+002 -8.5692723e+001
  7.9616070e+002 -8.5692855e+001
  7.9816070e+002 -8.5692985e+001
  8.0016070e+002 -8.5693114e+001
  8.0216070e+002 -8.5693241e+001
  8.0416070e+002 -8.5693368e+001
  8.0616070e+002 -8.5693493e+001
  8.0816070e+002 -8.5693617e+001
  8.1016070e+002 -8.5693739e+001
  8.1216070e+002 -8.5693861e+001
  8.1416070e+002 -8.5693981e+001
  8.1616070e+002 -8.5694100e+001
  8.1816070e+002 -8.5694218e+001
  8.2016070e+002 -8.5694334e+001
  8.2216070e+002 -8.5694450e+001
  8.2416070e+002 -8.5694564e+001
  8.2616070e+002 -8.5694678e+001
  8.2816070e+002 -8.5694790e+001
  8.3016070e+002 -8.5694901e+001
  8.3216070e+002 -8.5695011e+001
  8.3416070e+002 -8.5695120e+001
  8.3616070e+002 -8.5695228e+001
  8.3816070e+002 -8.5695335e+001
  8.4016070e+002 -8.5695441e+001
  8.4216070e+002 -8.5695546e+001
  8.4416070e+002 -8.5695650e+001
  8.4616070e+002 -8.5695753e+001
  8.4816070e+002 -8.5695855e+001
  8.5016070e+002 -8.5695956e+001
  8.5216070e+002 -8.5696056e+001
  8.5416070e+002 -8.5696155e+001
  8.5616070e+002 -8.5696253e+001
  8.5816070e+002 -8.5696350e+001
  8.6016070e+002 -8.5696446e+001
  8.6216070e+002 -8.5696542e+001
  8.6416070e+002 -8.5696636e+001
  8.6616070e+002 -8.5696730e+001
  8.6816070e+002 -8.5696822e+001
  8.7016070e+002 -8.5696914e+001
  8.7216070e+002 -8.5697005e+001
  8.7416070e+002 -8.5697095e+001
  8.7616070e+002 -8.5697185e+001
  8.7816070e+002 -8.5697273e+001
  8.8016070e+002 -8.5697361e+001
  8.8216070e+002 -8.5697448e+001
  8.8416070e+002 -8.5697534e+001
  8.8616070e+002 -8.5697619e+001
  8.8816070e+002 -8.5697704e+001
  8.9016070e+002 -8.5697787e+001
  8.9216070e+002 -8.5697870e+001
  8.9416070e+002 -8.5697952e+001
  8.9616070e+002 -8.5698034e+001
  8.9816070e+002 -8.5698115e+001
  9.0016070e+002 -8.5698195e+001
  9.0216070e+002 -8.5698274e+001
  9.0416070e+002 -8.5698352e+001
  9.0616070e+002 -8.5698430e+001
  9.0816070e+002 -8.5698507e+001
  9.1016070e+002 -8.5698584e+001
  9.1216070e+002 -8.5698660e+001
  9.1416070e+002 -8.5698735e+001
  9.1616070e+002 -8.5698809e+001
  9.1816070e+002 -8.5698883e+001
  9.2016070e+002 -8.5698956e+001
  9.2216070e+002 -8.5699028e+001
  9.2416070e+002 -8.5699100e+001
  9.2616070e+002 -8.5699171e+001
  9.2816070e+002 -8.5699242e+001
  9.3016070e+002 -8.5699312e+001
  9.3216070e+002 -8.5699381e+001
  9.3416070e+002 -8.5699450e+001
  9.3616070e+002 -8.5699518e+001
  9.3816070e+002 -8.5699585e+001
  9.4016070e+002 -8.5699652e+001
  9.4216070e+002 -8.5699719e+001
  9.4416070e+002 -8.5699784e+001
  9.4616070e+002 -8.5699850e+001
  9.4816070e+002 -8.5699914e+001
  9.5016070e+002 -8.5699978e+001
  9.5216070e+002 -8.5700042e+001
  9.5416070e+002 -8.5700105e+001
  9.5616070e+002 -8.5700167e+001
  9.5816070e+002 -8.5700229e+001
  9.6016070e+002 -8.5700290e+001
  9.6216070e+002 -8.5700351e+001
  9.6416070e+002 -8.5700411e+001
  9.6616070e+002 -8.5700471e+001
  9.6816070e+002 -8.5700530e+001
  9.7016070e+002 -8.5700589e+001
  9.7216070e+002 -8.5700647e+001
  9.7416070e+002 -8.5700705e+001
  9.7616070e+002 -8.5700762e+001
  9.7816070e+002 -8.5700819e+001
  9.8016070e+002 -8.5700875e+001
  9.8216070e+002 -8.5700931e+001
  9.8416070e+002 -8.5700987e+001
  9.8616070e+002 -8.5701042e+001
  9.8816070e+002 -8.5701096e+001
  9.9016070e+002 -8.5701150e+001
  9.9216070e+002 -8.5701203e+001
  9.9416070e+002 -8.5701257e+001
  9.9616070e+002 -8.5701309e+001
  9.9816070e+002 -8.5701361e+001
  9.9876070e+002 -8.5701377e+001
  9.9936070e+002 -8.5701393e+001
  9.9996070e+002 -8.5701408e+001
  9.9998469e+002 -8.5701409e+001
  9.9999518e+002 -8.5701409e+001
  9.9999800e+002 -8.5701409e+001
  9.9999905e+002 -8.5701409e+001
  1.0000001e+003 -8.5696385e+001
  1.0000011e+003 -8.5687263e+001
  1.0000022e+003 -8.5676790e+001
  1.0000032e+003 -8.5666458e+001
  1.0000047e+003 -8.5652826e+001
  1.0000061e+003 -8.5639492e+001
  1.0000075e+003 -8.5626184e+001
  1.0000089e+003 -8.5612816e+001
  1.0000103e+003 -8.5599417e+001
  1.0000164e+003 -8.5541921e+001
  1.0000225e+003 -8.5484568e+001
  1.0000286e+003 -8.5427400e+001
  1.0000347e+003 -8.5370418e+001
  1.0000526e+003 -8.5204782e+001
  1.0000705e+003 -8.5040634e+001
  1.0000884e+003 -8.4877944e+001
  1.0001406e+003 -8.4410668e+001
  1.0001928e+003 -8.3954427e+001
  1.0002450e+003 -8.3508827e+001
  1.0002971e+003 -8.3073317e+001
  1.0003986e+003 -8.2253501e+001
  1.0005000e+003 -8.1465810e+001
  1.0006015e+003 -8.0706703e+001
  1.0007029e+003 -7.9973100e+001
  1.0008043e+003 -7.9262303e+001
  1.0009853e+003 -7.8043842e+001
  1.0011663e+003 -7.6878571e+001
  1.0013472e+003 -7.5756434e+001
  1.0015282e+003 -7.4669016e+001
  1.0017091e+003 -7.3609142e+001
  1.0018920e+003 -7.2559371e+001
  1.0020749e+003 -7.1525706e+001
  1.0022579e+003 -7.0503088e+001
  1.0024408e+003 -6.9486920e+001
  1.0026237e+003 -6.8472918e+001
  1.0028348e+003 -6.7300163e+001
  1.0030458e+003 -6.6118299e+001
  1.0032147e+003 -6.5161724e+001
  1.0033835e+003 -6.4190481e+001
  1.0035523e+003 -6.3199127e+001
  1.0036813e+003 -6.2423727e+001
  1.0038103e+003 -6.1628040e+001
  1.0039160e+003 -6.0956587e+001
  1.0040218e+003 -6.0263161e+001
  1.0041088e+003 -5.9672100e+001
  1.0041958e+003 -5.9057806e+001
  1.0042827e+003 -5.8414430e+001
  1.0043498e+003 -5.7893422e+001
  1.0044169e+003 -5.7345642e+001
  1.0044841e+003 -5.6764728e+001
  1.0045379e+003 -5.6269430e+001
  1.0045917e+003 -5.5741646e+001
  1.0046455e+003 -5.5173753e+001
  1.0046892e+003 -5.4675939e+001
  1.0047329e+003 -5.4137762e+001
  1.0047766e+003 -5.3549659e+001
  1.0048122e+003 -5.3025083e+001
  1.0048478e+003 -5.2449774e+001
  1.0048834e+003 -5.1811536e+001
  1.0049126e+003 -5.1228583e+001
  1.0049419e+003 -5.0580070e+001
  1.0049712e+003 -4.9849932e+001
  1.0049836e+003 -4.9510436e+001
  1.0049960e+003 -4.9150417e+001
  1.0049991e+003 -4.9056560e+001
  1.0049996e+003 -4.9040889e+001
  1.0050002e+003 -4.9027435e+001
  1.0050006e+003 -4.9016635e+001
  1.0050011e+003 -4.9006510e+001
  1.0050016e+003 -4.8996344e+001
  1.0050021e+003 -4.8985999e+001
  1.0050026e+003 -4.8975557e+001
  1.0050038e+003 -4.8948930e+001
  1.0050051e+003 -4.8922070e+001
  1.0050063e+003 -4.8894977e+001
  1.0050075e+003 -4.8867645e+001
  1.0050134e+003 -4.8735793e+001
  1.0050192e+003 -4.8598357e+001
  1.0050250e+003 -4.8455153e+001
  1.0050308e+003 -4.8305982e+001
  1.0050454e+003 -4.7904958e+001
  1.0050600e+003 -4.7461020e+001
  1.0050746e+003 -4.6969061e+001
  1.0050891e+003 -4.6422731e+001
  1.0051037e+003 -4.5814210e+001
  1.0051199e+003 -4.5051616e+001
  1.0051362e+003 -4.4183488e+001
  1.0051524e+003 -4.3189195e+001
  1.0051653e+003 -4.2292188e+001
  1.0051782e+003 -4.1283478e+001
  1.0051882e+003 -4.0414290e+001
  1.0051911e+003 -4.0144598e+001
  1.0051922e+003 -4.0038581e+001
  1.0051933e+003 -3.9931395e+001
  1.0051945e+003 -3.9823038e+001
  1.0051956e+003 -3.9713495e+001
  1.0051967e+003 -3.9602747e+001
  1.0051982e+003 -3.9454262e+001
  1.0051997e+003 -3.9303597e+001
  1.0052012e+003 -3.9150712e+001
  1.0052027e+003 -3.8995567e+001
  1.0052041e+003 -3.8838119e+001
  1.0052085e+003 -3.8363150e+001
  1.0052128e+003 -3.7866909e+001
  1.0052172e+003 -3.7348260e+001
  1.0052216e+003 -3.6805976e+001
  1.0052295e+003 -3.5755023e+001
  1.0052374e+003 -3.4613648e+001
  1.0052453e+003 -3.3373161e+001
  1.0052532e+003 -3.2024532e+001
  1.0052611e+003 -3.0558632e+001
  1.0052708e+003 -2.8591712e+001
  1.0052805e+003 -2.6420998e+001
  1.0052883e+003 -2.4532908e+001
  1.0052960e+003 -2.2503525e+001
  1.0053021e+003 -2.0814464e+001
  1.0053081e+003 -1.9039375e+001
  1.0053142e+003 -1.7181115e+001
  1.0053192e+003 -1.5578768e+001
  1.0053243e+003 -1.3925904e+001
  1.0053293e+003 -1.2227110e+001
  1.0053343e+003 -1.0487834e+001
  1.0053394e+003 -8.7143389e+000
  1.0053455e+003 -6.5377364e+000
  1.0053515e+003 -4.3346874e+000
  1.0053563e+003 -2.5841809e+000
  1.0053611e+003 -8.3302345e-001
  1.0053648e+003  5.0846146e-001
  1.0053685e+003  1.8431609e+000
  1.0053722e+003  3.1681222e+000
  1.0053759e+003  4.4805364e+000
  1.0053796e+003  5.7777658e+000
  1.0053843e+003  7.4085659e+000
  1.0053890e+003  9.0060261e+000
  1.0053937e+003  1.0566148e+001
  1.0053984e+003  1.2085536e+001
  1.0054031e+003  1.3561389e+001
  1.0054078e+003  1.4991490e+001
  1.0054148e+003  1.7015541e+001
  1.0054218e+003  1.8933009e+001
  1.0054287e+003  2.0742678e+001
  1.0054357e+003  2.2445121e+001
  1.0054426e+003  2.4042352e+001
  1.0054496e+003  2.5537501e+001
  1.0054579e+003  2.7203265e+001
  1.0054663e+003  2.8735507e+001
  1.0054746e+003  3.0142810e+001
  1.0054830e+003  3.1433992e+001
  1.0054913e+003  3.2617831e+001
  1.0054997e+003  3.3702859e+001
  1.0055110e+003  3.5026838e+001
  1.0055222e+003  3.6203731e+001
  1.0055335e+003  3.7250417e+001
  1.0055448e+003  3.8181927e+001
  1.0055561e+003  3.9011569e+001
  1.0055674e+003  3.9751071e+001
  1.0055849e+003  4.0742728e+001
  1.0056024e+003  4.1574744e+001
  1.0056199e+003  4.2273426e+001
  1.0056374e+003  4.2860265e+001
  1.0056548e+003  4.3352907e+001
  1.0056723e+003  4.3765886e+001
  1.0056909e+003  4.4130719e+001
  1.0057095e+003  4.4431037e+001
  1.0057281e+003  4.4676717e+001
  1.0057467e+003  4.4875964e+001
  1.0057653e+003  4.5035615e+001
  1.0057838e+003  4.5161398e+001
  1.0058024e+003  4.5258151e+001
  1.0058273e+003  4.5349420e+001
  1.0058523e+003  4.5403948e+001
  1.0058772e+003  4.5428378e+001
  1.0059021e+003  4.5428090e+001
  1.0059271e+003  4.5407466e+001
  1.0059520e+003  4.5370095e+001
  1.0059769e+003  4.5318930e+001
  1.0060077e+003  4.5240204e+001
  1.0060386e+003  4.5147810e+001
  1.0060694e+003  4.5044702e+001
  1.0061002e+003  4.4933230e+001
  1.0061310e+003  4.4815270e+001
  1.0061618e+003  4.4692325e+001
  1.0061926e+003  4.4565610e+001
  1.0062322e+003  4.4398840e+001
  1.0062718e+003  4.4229090e+001
  1.0063114e+003  4.4057629e+001
  1.0063510e+003  4.3885434e+001
  1.0063906e+003  4.3713270e+001
  1.0064302e+003  4.3541734e+001
  1.0064698e+003  4.3371304e+001
  1.0065232e+003  4.3143828e+001
  1.0065765e+003  4.2919757e+001
  1.0066299e+003  4.2699628e+001
  1.0066833e+003  4.2483837e+001
  1.0067367e+003  4.2272679e+001
  1.0067901e+003  4.2066371e+001
  1.0068435e+003  4.1865070e+001
  1.0069271e+003  4.1560345e+001
  1.0070107e+003  4.1268352e+001
  1.0070942e+003  4.0989129e+001
  1.0071778e+003  4.0722591e+001
  1.0072613e+003  4.0468547e+001
  1.0073449e+003  4.0226721e+001
  1.0074714e+003  3.9883209e+001
  1.0075978e+003  3.9565560e+001
  1.0077243e+003  3.9272316e+001
  1.0078508e+003  3.9001947e+001
  1.0079772e+003  3.8752867e+001
  1.0081037e+003  3.8523483e+001
  1.0082371e+003  3.8301138e+001
  1.0083706e+003  3.8097379e+001
  1.0085040e+003  3.7910572e+001
  1.0086375e+003  3.7739197e+001
  1.0087709e+003  3.7581837e+001
  1.0089044e+003  3.7437168e+001
  1.0090602e+003  3.7282688e+001
  1.0092160e+003  3.7142112e+001
  1.0093718e+003  3.7013916e+001
  1.0095276e+003  3.6896690e+001
  1.0096834e+003  3.6789158e+001
  1.0098392e+003  3.6690177e+001
  1.0100258e+003  3.6581517e+001
  1.0102124e+003  3.6482250e+001
  1.0103990e+003  3.6391095e+001
  1.0105856e+003  3.6306935e+001
  1.0107722e+003  3.6228824e+001
  1.0109588e+003  3.6155954e+001
  1.0111454e+003  3.6087631e+001
  1.0113321e+003  3.6023257e+001
  1.0115187e+003  3.5962320e+001
  1.0117053e+003  3.5904385e+001
  1.0118986e+003  3.5847121e+001
  1.0120920e+003  3.5792329e+001
  1.0122854e+003  3.5739707e+001
  1.0124787e+003  3.5689000e+001
  1.0126721e+003  3.5639989e+001
  1.0128655e+003  3.5592489e+001
  1.0130589e+003  3.5546343e+001
  1.0133100e+003  3.5488221e+001
  1.0135611e+003  3.5431908e+001
  1.0138122e+003  3.5377201e+001
  1.0140633e+003  3.5323935e+001
  1.0143144e+003  3.5271972e+001
  1.0145655e+003  3.5221201e+001
  1.0148166e+003  3.5171529e+001
  1.0151284e+003  3.5111259e+001
  1.0154402e+003  3.5052442e+001
  1.0157521e+003  3.4994982e+001
  1.0160639e+003  3.4938800e+001
  1.0163757e+003  3.4883833e+001
  1.0166875e+003  3.4830031e+001
  1.0169993e+003  3.4777352e+001
  1.0173112e+003  3.4725761e+001
  1.0176230e+003  3.4675233e+001
  1.0179387e+003  3.4625136e+001
  1.0182544e+003  3.4576086e+001
  1.0185701e+003  3.4528066e+001
  1.0188858e+003  3.4481064e+001
  1.0192014e+003  3.4435068e+001
  1.0195171e+003  3.4390068e+001
  1.0198328e+003  3.4346057e+001
  1.0201485e+003  3.4303027e+001
  1.0204642e+003  3.4260971e+001
  1.0207250e+003  3.4226960e+001
  1.0209857e+003  3.4193605e+001
  1.0212465e+003  3.4160903e+001
  1.0215073e+003  3.4128849e+001
  1.0217148e+003  3.4103803e+001
  1.0219223e+003  3.4079166e+001
  1.0221299e+003  3.4054938e+001
  1.0223374e+003  3.4031123e+001
  1.0224992e+003  3.4012842e+001
  1.0226610e+003  3.3994821e+001
  1.0228229e+003  3.3977069e+001
  1.0229847e+003  3.3959598e+001
  1.0231465e+003  3.3942426e+001
  1.0232664e+003  3.3929916e+001
  1.0233716e+003  3.3919083e+001
  1.0234769e+003  3.3908407e+001
  1.0235564e+003  3.3900461e+001
  1.0236358e+003  3.3892616e+001
  1.0237008e+003  3.3886283e+001
  1.0237658e+003  3.3880026e+001
  1.0238307e+003  3.3873849e+001
  1.0238873e+003  3.3868542e+001
  1.0239438e+003  3.3863302e+001
  1.0239848e+003  3.3859547e+001
  1.0240258e+003  3.3855829e+001
  1.0240668e+003  3.3852150e+001
  1.0241000e+003  3.3849200e+001
  1.0241332e+003  3.3846276e+001
  1.0241664e+003  3.3843379e+001
  1.0241995e+003  3.3840510e+001
  1.0242327e+003  3.3837669e+001
  1.0242776e+003  3.3833874e+001
  1.0243225e+003  3.3830133e+001
  1.0243674e+003  3.3826448e+001
  1.0244122e+003  3.3822819e+001
  1.0244571e+003  3.3819247e+001
  1.0245020e+003  3.3815734e+001
  1.0245651e+003  3.3810895e+001
  1.0246175e+003  3.3806964e+001
  1.0246700e+003  3.3803116e+001
  1.0247225e+003  3.3799354e+001
  1.0247749e+003  3.3795678e+001
  1.0248274e+003  3.3792089e+001
  1.0248798e+003  3.3788588e+001
  1.0249323e+003  3.3785175e+001
  1.0249867e+003  3.3781730e+001
  1.0250410e+003  3.3778381e+001
  1.0250954e+003  3.3775127e+001
  1.0251498e+003  3.3771968e+001
  1.0252042e+003  3.3768904e+001
  1.0252586e+003  3.3765935e+001
  1.0253129e+003  3.3763059e+001
  1.0253759e+003  3.3759845e+001
  1.0254389e+003  3.3756754e+001
  1.0255019e+003  3.3753786e+001
  1.0255649e+003  3.3750939e+001
  1.0256279e+003  3.3748211e+001
  1.0256909e+003  3.3745600e+001
  1.0257539e+003  3.3743104e+001
  1.0258377e+003  3.3739957e+001
  1.0259215e+003  3.3737005e+001
  1.0260052e+003  3.3734240e+001
  1.0260890e+003  3.3731656e+001
  1.0261728e+003  3.3729247e+001
  1.0262566e+003  3.3727005e+001
  1.0263404e+003  3.3724924e+001
  1.0264781e+003  3.3721834e+001
  1.0266158e+003  3.3719126e+001
  1.0267534e+003  3.3716766e+001
  1.0268911e+003  3.3714719e+001
  1.0270288e+003  3.3712951e+001
  1.0271665e+003  3.3711429e+001
  1.0273659e+003  3.3709590e+001
  1.0275654e+003  3.3708093e+001
  1.0277648e+003  3.3706840e+001
  1.0279643e+003  3.3705734e+001
  1.0281637e+003  3.3704686e+001
  1.0283632e+003  3.3703610e+001
  1.0286165e+003  3.3702076e+001
  1.0288698e+003  3.3700216e+001
  1.0291231e+003  3.3697895e+001
  1.0293764e+003  3.3694993e+001
  1.0296297e+003  3.3691408e+001
  1.0298830e+003  3.3687051e+001
  1.0301914e+003  3.3680598e+001
  1.0304998e+003  3.3672783e+001
  1.0308082e+003  3.3663524e+001
  1.0311167e+003  3.3652763e+001
  1.0314251e+003  3.3640460e+001
  1.0317335e+003  3.3626591e+001
  1.0321086e+003  3.3607598e+001
  1.0324837e+003  3.3586277e+001
  1.0328588e+003  3.3562649e+001
  1.0332339e+003  3.3536748e+001
  1.0336090e+003  3.3508618e+001
  1.0339841e+003  3.3478308e+001
  1.0344645e+003  3.3436392e+001
  1.0349449e+003  3.3391105e+001
  1.0354253e+003  3.3342567e+001
  1.0359056e+003  3.3290892e+001
  1.0363860e+003  3.3236195e+001
  1.0368664e+003  3.3178584e+001
  1.0374915e+003  3.3099428e+001
  1.0381166e+003  3.3015729e+001
  1.0387417e+003  3.2927691e+001
  1.0393668e+003  3.2835502e+001
  1.0399919e+003  3.2739340e+001
  1.0406170e+003  3.2639369e+001
  1.0414118e+003  3.2506998e+001
  1.0422066e+003  3.2369018e+001
  1.0430015e+003  3.2225702e+001
  1.0437963e+003  3.2077302e+001
  1.0445911e+003  3.1924054e+001
  1.0453859e+003  3.1766172e+001
  1.0462134e+003  3.1597095e+001
  1.0470409e+003  3.1423422e+001
  1.0478684e+003  3.1245345e+001
  1.0486959e+003  3.1063042e+001
  1.0495234e+003  3.0876678e+001
  1.0503509e+003  3.0686404e+001
  1.0514440e+003  3.0429281e+001
  1.0525372e+003  3.0165877e+001
  1.0536304e+003  2.9896462e+001
  1.0547236e+003  2.9621285e+001
  1.0558168e+003  2.9340570e+001
  1.0569099e+003  2.9054530e+001
  1.0580031e+003  2.8763359e+001
  1.0594602e+003  2.8367591e+001
  1.0609173e+003  2.7963434e+001
  1.0623744e+003  2.7551265e+001
  1.0638315e+003  2.7131440e+001
  1.0652887e+003  2.6704299e+001
  1.0667458e+003  2.6270169e+001
  1.0685765e+003  2.5715289e+001
  1.0704073e+003  2.5150487e+001
  1.0722381e+003  2.4576360e+001
  1.0740689e+003  2.3993495e+001
  1.0758996e+003  2.3402471e+001
  1.0777304e+003  2.2803859e+001
  1.0797304e+003  2.2141909e+001
  1.0817304e+003  2.1472306e+001
  1.0837304e+003  2.0795771e+001
  1.0857304e+003  2.0113015e+001
  1.0877304e+003  1.9424740e+001
  1.0897304e+003  1.8731632e+001
  1.0917304e+003  1.8034366e+001
  1.0937304e+003  1.7333599e+001
  1.0957304e+003  1.6629969e+001
  1.0977304e+003  1.5924091e+001
  1.0997304e+003  1.5216553e+001
  1.1017304e+003  1.4507914e+001
  1.1037304e+003  1.3798692e+001
  1.1057304e+003  1.3089365e+001
  1.1077304e+003  1.2380364e+001
  1.1097304e+003  1.1672065e+001
  1.1117304e+003  1.0964779e+001
  1.1137304e+003  1.0258749e+001
  1.1157304e+003  9.5541394e+000
  1.1177304e+003  8.8510278e+000
  1.1197304e+003  8.1493997e+000
  1.1217304e+003  7.4491405e+000
  1.1237304e+003  6.7500297e+000
  1.1257304e+003  6.0517341e+000
  1.1277304e+003  5.3538020e+000
  1.1297304e+003  4.6556595e+000
  1.1317304e+003  3.9566064e+000
  1.1337304e+003  3.2558131e+000
  1.1357304e+003  2.5523160e+000
  1.1377304e+003  1.8450146e+000
  1.1397304e+003  1.1326687e+000
  1.1417304e+003  4.1389673e-001
  1.1437304e+003 -3.1282903e-001
  1.1457304e+003 -1.0491819e+000
  1.1477304e+003 -1.7969892e+000
  1.1497304e+003 -2.5582251e+000
  1.1517304e+003 -3.3350136e+000
  1.1537304e+003 -4.1296290e+000
  1.1557304e+003 -4.9444902e+000
  1.1577304e+003 -5.7821504e+000
  1.1597304e+003 -6.6452845e+000
  1.1617304e+003 -7.5366731e+000
  1.1637304e+003 -8.4591828e+000
  1.1657304e+003 -9.4157437e+000
  1.1677304e+003 -1.0409330e+001
  1.1697304e+003 -1.1442954e+001
  1.1717304e+003 -1.2519681e+001
  1.1737304e+003 -1.3642689e+001
  1.1757304e+003 -1.4815413e+001
  1.1777304e+003 -1.6041825e+001
  1.1797304e+003 -1.7326898e+001
  1.1817304e+003 -1.8677380e+001
  1.1833055e+003 -1.9793192e+001
  1.1848807e+003 -2.0962209e+001
  1.1861894e+003 -2.1980554e+001
  1.1874982e+003 -2.3049008e+001
  1.1885456e+003 -2.3946217e+001
  1.1895931e+003 -2.4886980e+001
  1.1904593e+003 -2.5702655e+001
  1.1913255e+003 -2.6557087e+001
  1.1921917e+003 -2.7455111e+001
  1.1928724e+003 -2.8194856e+001
  1.1935532e+003 -2.8967418e+001
  1.1942339e+003 -2.9775522e+001
  1.1949147e+003 -3.0621916e+001
  1.1955954e+003 -3.1509314e+001
  1.1961195e+003 -3.2222018e+001
  1.1966435e+003 -3.2961769e+001
  1.1971675e+003 -3.3729725e+001
  1.1975774e+003 -3.4350847e+001
  1.1979874e+003 -3.4990473e+001
  1.1983173e+003 -3.5519198e+001
  1.1986473e+003 -3.6060567e+001
  1.1989116e+003 -3.6503445e+001
  1.1991759e+003 -3.6954784e+001
  1.1993996e+003 -3.7343700e+001
  1.1996234e+003 -3.7738903e+001
  1.1998472e+003 -3.8140500e+001
  1.2000710e+003 -3.8548598e+001
  1.2002947e+003 -3.8963310e+001
  1.2005185e+003 -3.9384754e+001
  1.2008308e+003 -3.9984335e+001
  1.2008757e+003 -4.0071623e+001
  1.2009129e+003 -4.0144229e+001
  1.2009501e+003 -4.0217030e+001
  1.2009873e+003 -4.0290028e+001
  1.2010245e+003 -4.0363222e+001
  1.2010618e+003 -4.0436614e+001
  1.2011448e+003 -4.0601168e+001
  1.2012279e+003 -4.0766717e+001
  1.2013110e+003 -4.0933267e+001
  1.2013941e+003 -4.1100824e+001
  1.2015974e+003 -4.1515166e+001
  1.2018008e+003 -4.1935693e+001
  1.2020041e+003 -4.2362514e+001
  1.2022074e+003 -4.2795744e+001
  1.2024107e+003 -4.3235497e+001
  1.2026589e+003 -4.3781119e+001
  1.2029070e+003 -4.4336858e+001
  1.2031551e+003 -4.4902944e+001
  1.2034032e+003 -4.5479621e+001
  1.2036513e+003 -4.6067137e+001
  1.2038994e+003 -4.6665752e+001
  1.2042353e+003 -4.7494373e+001
  1.2045713e+003 -4.8344525e+001
  1.2049072e+003 -4.9216932e+001
  1.2052431e+003 -5.0112339e+001
  1.2055790e+003 -5.1031504e+001
  1.2059149e+003 -5.1975182e+001
  1.2062724e+003 -5.3007230e+001
  1.2066299e+003 -5.4068676e+001
  1.2069874e+003 -5.5160199e+001
  1.2073449e+003 -5.6282272e+001
  1.2077024e+003 -5.7435065e+001
  1.2080599e+003 -5.8618332e+001
  1.2084713e+003 -6.0016692e+001
  1.2088189e+003 -6.1227009e+001
  1.2091665e+003 -6.2461268e+001
  1.2095141e+003 -6.3716103e+001
  1.2098617e+003 -6.4987013e+001
  1.2102093e+003 -6.6268231e+001
  1.2105569e+003 -6.7552680e+001
  1.2109045e+003 -6.8832015e+001
  1.2112521e+003 -7.0096797e+001
  1.2116057e+003 -7.1357772e+001
  1.2118790e+003 -7.2308018e+001
  1.2121524e+003 -7.3231214e+001
  1.2124257e+003 -7.4122560e+001
  1.2126991e+003 -7.4977679e+001
  1.2129724e+003 -7.5792778e+001
  1.2130734e+003 -7.6083165e+001
  1.2131577e+003 -7.6321082e+001
  1.2132421e+003 -7.6554734e+001
  1.2133264e+003 -7.6784062e+001
  1.2134108e+003 -7.7009014e+001
  1.2134951e+003 -7.7229544e+001
  1.2136449e+003 -7.7610152e+001
  1.2137947e+003 -7.7976561e+001
  1.2139445e+003 -7.8328693e+001
  1.2140942e+003 -7.8666541e+001
  1.2142440e+003 -7.8990164e+001
  1.2144883e+003 -7.9487725e+001
  1.2147325e+003 -7.9948620e+001
  1.2149768e+003 -8.0374016e+001
  1.2152210e+003 -8.0765346e+001
  1.2154653e+003 -8.1124242e+001
  1.2157096e+003 -8.1452483e+001
  1.2160451e+003 -8.1856844e+001
  1.2163806e+003 -8.2211843e+001
  1.2167161e+003 -8.2522409e+001
  1.2170516e+003 -8.2793322e+001
  1.2173871e+003 -8.3029102e+001
  1.2177620e+003 -8.3256145e+001
  1.2181369e+003 -8.3449875e+001
  1.2185118e+003 -8.3615016e+001
  1.2188867e+003 -8.3755735e+001
  1.2192616e+003 -8.3875678e+001
  1.2196365e+003 -8.3978004e+001
  1.2200967e+003 -8.4083506e+001
  1.2205570e+003 -8.4170755e+001
  1.2210172e+003 -8.4243210e+001
  1.2214775e+003 -8.4303697e+001
  1.2219377e+003 -8.4354514e+001
  1.2223980e+003 -8.4397521e+001
  1.2230174e+003 -8.4445683e+001
  1.2236368e+003 -8.4485233e+001
  1.2242562e+003 -8.4518284e+001
  1.2248756e+003 -8.4546423e+001
  1.2254950e+003 -8.4570839e+001
  1.2261144e+003 -8.4592416e+001
  1.2269543e+003 -8.4618299e+001
  1.2277943e+003 -8.4641308e+001
  1.2286342e+003 -8.4662218e+001
  1.2294742e+003 -8.4681572e+001
  1.2303141e+003 -8.4699746e+001
  1.2311541e+003 -8.4716997e+001
  1.2322160e+003 -8.4737754e+001
  1.2332780e+003 -8.4757545e+001
  1.2343399e+003 -8.4776528e+001
  1.2354019e+003 -8.4794817e+001
  1.2364638e+003 -8.4812491e+001
  1.2375257e+003 -8.4829607e+001
  1.2386477e+003 -8.4847129e+001
  1.2397696e+003 -8.4864115e+001
  1.2408915e+003 -8.4880596e+001
  1.2420134e+003 -8.4896600e+001
  1.2431353e+003 -8.4912149e+001
  1.2448795e+003 -8.4935468e+001
  1.2466236e+003 -8.4957804e+001
  1.2483678e+003 -8.4979217e+001
  1.2501120e+003 -8.4999758e+001
  1.2518561e+003 -8.5019474e+001
  1.2538268e+003 -8.5040812e+001
  1.2557975e+003 -8.5061210e+001
  1.2577682e+003 -8.5080720e+001
  1.2597388e+003 -8.5099392e+001
  1.2617095e+003 -8.5117271e+001
  1.2636802e+003 -8.5134401e+001
  1.2656802e+003 -8.5151060e+001
  1.2676802e+003 -8.5167027e+001
  1.2696802e+003 -8.5182339e+001
  1.2716802e+003 -8.5197029e+001
  1.2736802e+003 -8.5211132e+001
  1.2756802e+003 -8.5224675e+001
  1.2776802e+003 -8.5237689e+001
  1.2796802e+003 -8.5250200e+001
  1.2816802e+003 -8.5262233e+001
  1.2836802e+003 -8.5273811e+001
  1.2856802e+003 -8.5284957e+001
  1.2876802e+003 -8.5295692e+001
  1.2896802e+003 -8.5306035e+001
  1.2916802e+003 -8.5316005e+001
  1.2936802e+003 -8.5325620e+001
  1.2956802e+003 -8.5334897e+001
  1.2976802e+003 -8.5343850e+001
  1.2996802e+003 -8.5352495e+001
  1.3016802e+003 -8.5360845e+001
  1.3036802e+003 -8.5368914e+001
  1.3056802e+003 -8.5376714e+001
  1.3076802e+003 -8.5384257e+001
  1.3096802e+003 -8.5391553e+001
  1.3116802e+003 -8.5398615e+001
  1.3136802e+003 -8.5405451e+001
  1.3156802e+003 -8.5412071e+001
  1.3176802e+003 -8.5418484e+001
  1.3196802e+003 -8.5424699e+001
  1.3216802e+003 -8.5430723e+001
  1.3236802e+003 -8.5436565e+001
  1.3256802e+003 -8.5442232e+001
  1.3276802e+003 -8.5447730e+001
  1.3296802e+003 -8.5453066e+001
  1.3316802e+003 -8.5458247e+001
  1.3336802e+003 -8.5463279e+001
  1.3356802e+003 -8.5468166e+001
  1.3376802e+003 -8.5472915e+001
  1.3396802e+003 -8.5477531e+001
  1.3416802e+003 -8.5482019e+001
  1.3436802e+003 -8.5486383e+001
  1.3456802e+003 -8.5490628e+001
  1.3476802e+003 -8.5494758e+001
  1.3496802e+003 -8.5498778e+001
  1.3516802e+003 -8.5502691e+001
  1.3536802e+003 -8.5506501e+001
  1.3556802e+003 -8.5510211e+001
  1.3576802e+003 -8.5513825e+001
  1.3596802e+003 -8.5517347e+001
  1.3616802e+003 -8.5520779e+001
  1.3636802e+003 -8.5524124e+001
  1.3656802e+003 -8.5527386e+001
  1.3676802e+003 -8.5530566e+001
  1.3696802e+003 -8.5533669e+001
  1.3716802e+003 -8.5536695e+001
  1.3736802e+003 -8.5539648e+001
  1.3756802e+003 -8.5542531e+001
  1.3776802e+003 -8.5545344e+001
  1.3796802e+003 -8.5548091e+001
  1.3816802e+003 -8.5550773e+001
  1.3836802e+003 -8.5553393e+001
  1.3856802e+003 -8.5555952e+001
  1.3876802e+003 -8.5558453e+001
  1.3896802e+003 -8.5560896e+001
  1.3916802e+003 -8.5563284e+001
  1.3936802e+003 -8.5565619e+001
  1.3956802e+003 -8.5567901e+001
  1.3976802e+003 -8.5570133e+001
  1.3996802e+003 -8.5572316e+001
  1.4016802e+003 -8.5574452e+001
  1.4036802e+003 -8.5576541e+001
  1.4056802e+003 -8.5578584e+001
  1.4076802e+003 -8.5580585e+001
  1.4096802e+003 -8.5582543e+001
  1.4116802e+003 -8.5584459e+001
  1.4136802e+003 -8.5586335e+001
  1.4156802e+003 -8.5588173e+001
  1.4176802e+003 -8.5589972e+001
  1.4196802e+003 -8.5591735e+001
  1.4216802e+003 -8.5593461e+001
  1.4236802e+003 -8.5595152e+001
  1.4256802e+003 -8.5596810e+001
  1.4276802e+003 -8.5598434e+001
  1.4296802e+003 -8.5600026e+001
  1.4316802e+003 -8.5601586e+001
  1.4336802e+003 -8.5603116e+001
  1.4356802e+003 -8.5604616e+001
  1.4376802e+003 -8.5606087e+001
  1.4396802e+003 -8.5607530e+001
  1.4416802e+003 -8.5608945e+001
  1.4436802e+003 -8.5610333e+001
  1.4456802e+003 -8.5611694e+001
  1.4476802e+003 -8.5613030e+001
  1.4496802e+003 -8.5614341e+001
  1.4516802e+003 -8.5615628e+001
  1.4536802e+003 -8.5616891e+001
  1.4556802e+003 -8.5618130e+001
  1.4576802e+003 -8.5619347e+001
  1.4596802e+003 -8.5620542e+001
  1.4616802e+003 -8.5621715e+001
  1.4636802e+003 -8.5622867e+001
  1.4656802e+003 -8.5623999e+001
  1.4676802e+003 -8.5625110e+001
  1.4696802e+003 -8.5626202e+001
  1.4716802e+003 -8.5627275e+001
  1.4736802e+003 -8.5628329e+001
  1.4756802e+003 -8.5629364e+001
  1.4776802e+003 -8.5630382e+001
  1.4796802e+003 -8.5631382e+001
  1.4816802e+003 -8.5632365e+001
  1.4836802e+003 -8.5633331e+001
  1.4856802e+003 -8.5634281e+001
  1.4876802e+003 -8.5635215e+001
  1.4896802e+003 -8.5636133e+001
  1.4916802e+003 -8.5637036e+001
  1.4936802e+003 -8.5637924e+001
  1.4956802e+003 -8.5638797e+001
  1.4976802e+003 -8.5639656e+001
  1.4996802e+003 -8.5640501e+001
  1.5016802e+003 -8.5641332e+001
  1.5036802e+003 -8.5642150e+001
  1.5056802e+003 -8.5642954e+001
  1.5076802e+003 -8.5643746e+001
  1.5096802e+003 -8.5644525e+001
  1.5116802e+003 -8.5645292e+001
  1.5136802e+003 -8.5646046e+001
  1.5156802e+003 -8.5646789e+001
  1.5176802e+003 -8.5647520e+001
  1.5196802e+003 -8.5648240e+001
  1.5216802e+003 -8.5648948e+001
  1.5236802e+003 -8.5649646e+001
  1.5256802e+003 -8.5650333e+001
  1.5276802e+003 -8.5651009e+001
  1.5296802e+003 -8.5651675e+001
  1.5316802e+003 -8.5652331e+001
  1.5336802e+003 -8.5652978e+001
  1.5356802e+003 -8.5653614e+001
  1.5376802e+003 -8.5654241e+001
  1.5396802e+003 -8.5654859e+001
  1.5416802e+003 -8.5655467e+001
  1.5436802e+003 -8.5656066e+001
  1.5456802e+003 -8.5656657e+001
  1.5476802e+003 -8.5657239e+001
  1.5496802e+003 -8.5657813e+001
  1.5516802e+003 -8.5658378e+001
  1.5536802e+003 -8.5658935e+001
  1.5556802e+003 -8.5659484e+001
  1.5576802e+003 -8.5660025e+001
  1.5596802e+003 -8.5660559e+001
  1.5616802e+003 -8.5661085e+001
  1.5636802e+003 -8.5661603e+001
  1.5656802e+003 -8.5662114e+001
  1.5676802e+003 -8.5662618e+001
  1.5696802e+003 -8.5663115e+001
  1.5716802e+003 -8.5663605e+001
  1.5736802e+003 -8.5664088e+001
  1.5756802e+003 -8.5664565e+001
  1.5776802e+003 -8.5665035e+001
  1.5796802e+003 -8.5665498e+001
  1.5816802e+003 -8.5665956e+001
  1.5836802e+003 -8.5666407e+001
  1.5856802e+003 -8.5666852e+001
  1.5876802e+003 -8.5667290e+001
  1.5896802e+003 -8.5667723e+001
  1.5916802e+003 -8.5668151e+001
  1.5936802e+003 -8.5668572e+001
  1.5956802e+003 -8.5668988e+001
  1.5976802e+003 -8.5669398e+001
  1.5996802e+003 -8.5669803e+001
  1.6016802e+003 -8.5670203e+001
  1.6036802e+003 -8.5670597e+001
  1.6056802e+003 -8.5670987e+001
  1.6076802e+003 -8.5671371e+001
  1.6096802e+003 -8.5671750e+001
  1.6116802e+003 -8.5672125e+001
  1.6136802e+003 -8.5672494e+001
  1.6156802e+003 -8.5672859e+001
  1.6176802e+003 -8.5673219e+001
  1.6196802e+003 -8.5673574e+001
  1.6216802e+003 -8.5673925e+001
  1.6236802e+003 -8.5674272e+001
  1.6256802e+003 -8.5674614e+001
  1.6276802e+003 -8.5674952e+001
  1.6296802e+003 -8.5675286e+001
  1.6316802e+003 -8.5675615e+001
  1.6336802e+003 -8.5675941e+001
  1.6356802e+003 -8.5676262e+001
  1.6376802e+003 -8.5676579e+001
  1.6396802e+003 -8.5676893e+001
  1.6416802e+003 -8.5677203e+001
  1.6436802e+003 -8.5677508e+001
  1.6456802e+003 -8.5677810e+001
  1.6476802e+003 -8.5678109e+001
  1.6496802e+003 -8.5678404e+001
  1.6516802e+003 -8.5678695e+001
  1.6536802e+003 -8.5678983e+001
  1.6556802e+003 -8.5679267e+001
  1.6576802e+003 -8.5679548e+001
  1.6596802e+003 -8.5679825e+001
  1.6616802e+003 -8.5680100e+001
  1.6636802e+003 -8.5680371e+001
  1.6656802e+003 -8.5680638e+001
  1.6676802e+003 -8.5680903e+001
  1.6696802e+003 -8.5681165e+001
  1.6716802e+003 -8.5681423e+001
  1.6736802e+003 -8.5681678e+001
  1.6756802e+003 -8.5681931e+001
  1.6776802e+003 -8.5682180e+001
  1.6796802e+003 -8.5682427e+001
  1.6816802e+003 -8.5682671e+001
  1.6836802e+003 -8.5682912e+001
  1.6856802e+003 -8.5683150e+001
  1.6876802e+003 -8.5683385e+001
  1.6896802e+003 -8.5683618e+001
  1.6916802e+003 -8.5683848e+001
  1.6936802e+003 -8.5684076e+001
  1.6956802e+003 -8.5684301e+001
  1.6976802e+003 -8.5684523e+001
  1.6996802e+003 -8.5684743e+001
  1.7016802e+003 -8.5684960e+001
  1.7036802e+003 -8.5685175e+001
  1.7056802e+003 -8.5685388e+001
  1.7076802e+003 -8.5685598e+001
  1.7096802e+003 -8.5685806e+001
  1.7116802e+003 -8.5686011e+001
  1.7136802e+003 -8.5686215e+001
  1.7156802e+003 -8.5686416e+001
  1.7176802e+003 -8.5686614e+001
  1.7196802e+003 -8.5686811e+001
  1.7216802e+003 -8.5687005e+001
  1.7236802e+003 -8.5687198e+001
  1.7256802e+003 -8.5687388e+001
  1.7276802e+003 -8.5687576e+001
  1.7296802e+003 -8.5687762e+001
  1.7316802e+003 -8.5687947e+001
  1.7336802e+003 -8.5688129e+001
  1.7356802e+003 -8.5688309e+001
  1.7376802e+003 -8.5688487e+001
  1.7396802e+003 -8.5688664e+001
  1.7416802e+003 -8.5688838e+001
  1.7436802e+003 -8.5689011e+001
  1.7456802e+003 -8.5689181e+001
  1.7476802e+003 -8.5689350e+001
  1.7496802e+003 -8.5689518e+001
  1.7516802e+003 -8.5689683e+001
  1.7536802e+003 -8.5689847e+001
  1.7556802e+003 -8.5690009e+001
  1.7576802e+003 -8.5690169e+001
  1.7596802e+003 -8.5690327e+001
  1.7616802e+003 -8.5690484e+001
  1.7636802e+003 -8.5690640e+001
  1.7656802e+003 -8.5690793e+001
  1.7676802e+003 -8.5690945e+001
  1.7696802e+003 -8.5691096e+001
  1.7716802e+003 -8.5691245e+001
  1.7736802e+003 -8.5691392e+001
  1.7756802e+003 -8.5691538e+001
  1.7776802e+003 -8.5691683e+001
  1.7796802e+003 -8.5691826e+001
  1.7816802e+003 -8.5691967e+001
  1.7836802e+003 -8.5692107e+001
  1.7856802e+003 -8.5692246e+001
  1.7876802e+003 -8.5692383e+001
  1.7896802e+003 -8.5692519e+001
  1.7916802e+003 -8.5692653e+001
  1.7936802e+003 -8.5692786e+001
  1.7956802e+003 -8.5692918e+001
  1.7976802e+003 -8.5693049e+001
  1.7996802e+003 -8.5693178e+001
  1.8016802e+003 -8.5693306e+001
  1.8036802e+003 -8.5693432e+001
  1.8056802e+003 -8.5693558e+001
  1.8076802e+003 -8.5693682e+001
  1.8096802e+003 -8.5693805e+001
  1.8116802e+003 -8.5693926e+001
  1.8136802e+003 -8.5694047e+001
  1.8156802e+003 -8.5694166e+001
  1.8176802e+003 -8.5694284e+001
  1.8196802e+003 -8.5694401e+001
  1.8216802e+003 -8.5694517e+001
  1.8236802e+003 -8.5694632e+001
  1.8256802e+003 -8.5694745e+001
  1.8276802e+003 -8.5694858e+001
  1.8296802e+003 -8.5694969e+001
  1.8316802e+003 -8.5695079e+001
  1.8336802e+003 -8.5695188e+001
  1.8356802e+003 -8.5695297e+001
  1.8376802e+003 -8.5695404e+001
  1.8396802e+003 -8.5695510e+001
  1.8416802e+003 -8.5695615e+001
  1.8436802e+003 -8.5695719e+001
  1.8456802e+003 -8.5695822e+001
  1.8476802e+003 -8.5695924e+001
  1.8496802e+003 -8.5696025e+001
  1.8516802e+003 -8.5696126e+001
  1.8536802e+003 -8.5696225e+001
  1.8556802e+003 -8.5696323e+001
  1.8576802e+003 -8.5696420e+001
  1.8596802e+003 -8.5696517e+001
  1.8616802e+003 -8.5696612e+001
  1.8636802e+003 -8.5696707e+001
  1.8656802e+003 -8.5696801e+001
  1.8676802e+003 -8.5696894e+001
  1.8696802e+003 -8.5696986e+001
  1.8716802e+003 -8.5697077e+001
  1.8736802e+003 -8.5697167e+001
  1.8756802e+003 -8.5697257e+001
  1.8776802e+003 -8.5697345e+001
  1.8796802e+003 -8.5697433e+001
  1.8816802e+003 -8.5697520e+001
  1.8836802e+003 -8.5697607e+001
  1.8856802e+003 -8.5697692e+001
  1.8876802e+003 -8.5697777e+001
  1.8896802e+003 -8.5697860e+001
  1.8916802e+003 -8.5697944e+001
  1.8936802e+003 -8.5698026e+001
  1.8956802e+003 -8.5698108e+001
  1.8976802e+003 -8.5698188e+001
  1.8996802e+003 -8.5698269e+001
  1.9016802e+003 -8.5698348e+001
  1.9036802e+003 -8.5698427e+001
  1.9056802e+003 -8.5698505e+001
  1.9076802e+003 -8.5698582e+001
  1.9096802e+003 -8.5698658e+001
  1.9116802e+003 -8.5698734e+001
  1.9136802e+003 -8.5698810e+001
  1.9156802e+003 -8.5698884e+001
  1.9176802e+003 -8.5698958e+001
  1.9196802e+003 -8.5699031e+001
  1.9216802e+003 -8.5699104e+001
  1.9236802e+003 -8.5699176e+001
  1.9256802e+003 -8.5699247e+001
  1.9276802e+003 -8.5699318e+001
  1.9296802e+003 -8.5699388e+001
  1.9316802e+003 -8.5699457e+001
  1.9336802e+003 -8.5699526e+001
  1.9356802e+003 -8.5699594e+001
  1.9376802e+003 -8.5699662e+001
  1.9396802e+003 -8.5699729e+001
  1.9416802e+003 -8.5699795e+001
  1.9436802e+003 -8.5699861e+001
  1.9456802e+003 -8.5699926e+001
  1.9476802e+003 -8.5699991e+001
  1.9496802e+003 -8.5700055e+001
  1.9516802e+003 -8.5700119e+001
  1.9536802e+003 -8.5700182e+001
  1.9556802e+003 -8.5700244e+001
  1.9576802e+003 -8.5700306e+001
  1.9596802e+003 -8.5700368e+001
  1.9616802e+003 -8.5700428e+001
  1.9636802e+003 -8.5700489e+001
  1.9656802e+003 -8.5700549e+001
  1.9676802e+003 -8.5700608e+001
  1.9696802e+003 -8.5700667e+001
  1.9716802e+003 -8.5700725e+001
  1.9736802e+003 -8.5700783e+001
  1.9756802e+003 -8.5700840e+001
  1.9776802e+003 -8.5700897e+001
  1.9796802e+003 -8.5700954e+001
  1.9816802e+003 -8.5701010e+001
  1.9836802e+003 -8.5701065e+001
  1.9856802e+003 -8.5701120e+001
  1.9876802e+003 -8.5701175e+001
  1.9896802e+003 -8.5701229e+001
  1.9916802e+003 -8.5701282e+001
  1.9936802e+003 -8.5701335e+001
  1.9956802e+003 -8.5701388e+001
  1.9976802e+003 -8.5701440e+001
  1.9996802e+003 -8.5701492e+001
  1.9997546e+003 -8.5701494e+001
  1.9998291e+003 -8.5701496e+001
  1.9999036e+003 -8.5701498e+001
  1.9999780e+003 -8.5701500e+001
  1.9999878e+003 -8.5701500e+001
  1.9999977e+003 -8.5701500e+001
  1.9999995e+003 -8.5701500e+001
  2.0000000e+003 -8.5699034e+001
