  6.7627390e-004
  9.9499312e-001
  9.9648021e-001
  3.4704394e-006
  1.0005484e+000
  2.4298168e-002
  1.5809240e-002
  3.0330255e-003
  9.9646935e-001
  3.0330255e-003
  9.9646935e-001
  4.8512909e-003
  4.1740241e-003
  9.0115163e-001
  4.8453839e-007
  5.3149291e-008
  2.7702888e+000
  6.0443970e-001
  9.6873749e-003
  1.1053241e-001
  1.3965681e-002
  2.5328101e-004
  1.4475810e-003
  1.3805121e-001
  2.3644085e-003
  7.3721254e-003
  1.0417627e-002
  7.3128875e-002
  1.1828541e-001
  1.2364957e+000
  5.4917654e-001
  5.7826258e+000
  5.7810128e+000
  5.7810128e+000
  1.3500000e+002
  1.7432290e-004
  1.1244231e-004
  9.6273375e-005
 -8.9927355e+001
  9.9646935e-001
  0.0000000e+000
  0.0000000e+000
  2.0164301e+004
 -1.7559817e+004
 -2.5753990e+005
  2.5494099e+005
  4.5615207e-001
  8.1409208e-002
  9.2801500e-004
  3.9450706e-006
  4.2098263e-006
  9.0681968e-001
  1.0337188e-002
  4.3944263e-005
  2.9884368e-008
  4.4863710e-004
  5.1141876e-006
  2.1740846e-008
  1.4784898e-011
  9.8795953e-001
  1.2967907e-005
  3.1235829e-021
  2.4794134e-021
  2.3909579e-005
  1.2002296e-002
  9.8795953e-001
  1.2967907e-005
  3.1235829e-021
  2.4794134e-021
  2.3909579e-005
  1.2002296e-002
  9.8795953e-001
  1.2967907e-005
  1.6479431e-031
  1.3006376e-031
  2.3909579e-005
  1.2002296e-002
  3.9444510e+002
  1.2395314e+000
  6.6123500e-005
  0.0000000e+000
  0.0000000e+000
  0.0000000e+000
  1.9834579e-001
  1.5706306e-003
  9.3989798e-009
  7.6731056e-013
  2.8446583e-012
  2.3119320e-002
  7.7976651e-001
  4.0354058e-001
  2.0306861e+000
  5.4950643e-002
  6.0544474e-005
  1.3193820e-009
  5.0721903e+000
  6.6310951e-001
  1.4584673e-005
  1.2108746e-005
  3.9604870e-008
  9.5008876e-016
  1.0303585e-020
  6.1840160e-017
  7.3975311e-005
  3.4758493e-007
  6.3354578e-008
  1.3262334e-007
  5.4958216e-002
  5.2971826e-005
  8.5462602e-010
  5.1109290e+000
  4.8983786e-001
  7.8979921e-006
  1.0594253e-005
  2.5501496e-008
  3.9391109e-016
  4.2892006e-021
  2.5639286e-017
  5.4592713e-005
  2.5654901e-007
  4.0772547e-008
  6.2574808e-008
  1.8157307e+001
  7.7311308e-002
  2.9735723e+002
  5.7467494e+001
  5.0385727e-003
