  1.3926623e-003
  9.7299856e-001
  9.7935208e-001
  7.1094638e-006
  1.0006794e+000
  2.6735733e-002
  1.3803267e-002
  4.0366800e-003
  9.9458106e-001
  4.0366464e-003
  9.9458085e-001
  8.5784820e-003
  5.3953320e-003
  8.7393906e-001
  1.2407184e-006
  1.7896493e-007
  3.4017261e+000
  7.4222389e-001
  7.5834685e-003
  1.1106087e-001
  1.3645408e-002
  2.5328101e-004
  1.3746755e-003
  1.3811602e-001
  1.8511326e-003
  8.0371219e-003
  9.0571747e-003
  7.7340733e-002
  1.0661952e-001
  1.1505084e+000
  4.8262963e-001
  8.1662418e+000
  8.1656852e+000
  8.1659881e+000
  1.3500000e+002
  1.9025979e-004
  9.7645203e-005
  7.2843680e-005
 -8.5622357e+001
  6.8747981e-001
  0.0000000e+000
  0.0000000e+000
  2.3043686e+004
 -1.5178691e+004
 -1.7729337e+005
  1.6942402e+005
  2.8759257e-001
  1.0505728e-001
  1.9190412e-003
  4.1517773e-005
  3.0335421e-001
  5.6564909e-001
  1.0133581e-002
  7.0125806e-005
  8.6199183e-008
  1.4727892e-004
  2.6384616e-006
  1.8246494e-008
  2.1700214e-011
  9.4930619e-001
  2.1336764e-005
  2.9491108e-006
  2.3283663e-005
  3.9344920e-005
  5.0604764e-002
  9.4928796e-001
  2.1336404e-005
  2.9488589e-006
  2.3281891e-005
  3.9344151e-005
  5.0603792e-002
  9.4932775e-001
  2.1337236e-005
  3.8956162e-007
  3.0775662e-006
  3.9345856e-005
  5.0605967e-002
  2.3996316e+002
  8.0139139e+000
  6.8736079e-004
  0.0000000e+000
  0.0000000e+000
  0.0000000e+000
  6.1105784e-001
  7.8730944e-003
  2.7652872e-007
  7.8242515e-011
  4.8829177e-011
  2.5843980e-004
  5.2952001e-003
  2.9188489e-002
  3.5825724e+000
  4.8439479e-002
  4.0384660e-005
  3.0677062e-009
  2.3472072e+000
  6.5444310e+000
  1.0858629e-004
  8.0789794e-006
  1.0725021e-007
  9.6093644e-008
  1.0341151e-012
  6.6555110e-009
  2.8829711e-004
  1.1961471e-006
  1.5367922e-006
  9.3318199e-004
  4.8743875e-002
  2.7832169e-005
  2.6058051e-010
  4.7720930e+000
  6.8932885e-001
  6.3636280e-006
  5.5663109e-006
  7.8741283e-009
  1.4980940e-013
  1.5864624e-018
  1.0433551e-014
  5.1468612e-005
  2.1467412e-007
  2.6754755e-008
  4.0984039e-007
  1.6454393e+001
  1.9385930e+001
  2.9735723e+002
  1.1795503e+002
  4.3016201e+000
