  1.3753508e-003
  9.8708227e-001
  9.9178844e-001
  7.0183977e-006
  1.0006767e+000
  2.7168607e-002
  1.6167249e-002
  4.0166390e-003
  9.8417299e-001
  4.0165963e-003
  9.9462094e-001
  8.4939874e-003
  6.2404506e-003
  9.0259598e-001
  7.2474970e-007
  7.8211014e-008
  3.5585905e+000
  7.7645369e-001
  1.0026123e-002
  1.2128063e-001
  8.7622948e-003
  2.5328101e-004
  2.3492431e-003
  1.3712951e-001
  2.4417849e-003
  8.0416644e-003
  1.0857585e-002
  7.7307489e-002
  1.2213249e-001
  1.3472596e+000
  6.4736658e-001
  8.8788381e+000
  8.8798592e+000
  8.8802568e+000
  1.3500000e+002
  1.9037883e-004
  1.1722514e-004
  9.9855478e-005
 -8.5696820e+001
  2.3793475e-001
  0.0000000e+000
  0.0000000e+000
  2.0153334e+004
 -1.4810810e+004
 -1.7157092e+005
  1.6625441e+005
  2.6372482e-001
  1.0505728e-001
  1.9190412e-003
  4.1517773e-005
  3.0335421e-001
  5.6564909e-001
  1.0133581e-002
  7.0125806e-005
  8.6199183e-008
  1.4727892e-004
  2.6384616e-006
  1.8246494e-008
  2.1700214e-011
  9.4925378e-001
  2.1142025e-005
  5.5976287e-005
  4.3174578e-004
  3.8918863e-005
  5.0196321e-002
  9.4924052e-001
  2.1145291e-005
  5.5588362e-005
  4.2883147e-004
  3.8917229e-005
  5.0193838e-002
  9.4934776e-001
  2.1142774e-005
  4.0631322e-005
  3.1308019e-004
  3.8950560e-005
  5.0236320e-002
  9.4934174e-001
  2.1145179e-005
  3.9428292e-005
  3.0386865e-004
  3.8948695e-005
  5.0233714e-002
  3.8084575e+002
  6.0426389e+000
  2.1963802e-003
  0.0000000e+000
  0.0000000e+000
  0.0000000e+000
  5.3008174e-001
  3.2094820e-002
  7.1944888e-006
  2.8593135e-009
  2.3562399e-009
  1.3302143e-004
  4.3169667e-003
  1.2481431e-002
  3.6005357e+000
  3.9225233e-002
  5.8995164e-005
  1.5397187e-008
  1.8567345e+000
  1.3721465e+001
  3.2820757e-004
  1.2021782e-005
  2.0197631e-005
  6.3761440e-007
  6.9894825e-012
  4.1025768e-008
  3.2597366e-004
  1.0956953e-006
  5.2789619e-006
  2.1641841e-003
  3.8930734e-002
  4.3935260e-005
  8.1226645e-010
  3.7036344e+000
  1.5816010e+000
  2.7445064e-005
  8.7966619e-006
  8.6741115e-008
  1.7797961e-012
  1.9200600e-017
  1.1858850e-013
  1.7712333e-004
  5.9038241e-007
  3.3308374e-007
  3.6620565e-006
  1.6454393e+001
  1.5391931e+001
  2.9735723e+002
  5.7371503e+001
  4.5405558e-001
  2.3084551e-004
  0.0000000e+000
  2.4737354e-002
  3.8271311e+000
  2.7606236e-002
  1.3924821e-017
  3.9376424e-004
  5.7377517e-002
  6.5431130e-004
  5.7977829e-002
  5.1972929e-002
  0.0000000e+000
  4.1595412e-002
  3.6000000e-002
  0.0000000e+000
  4.8651185e-001
  7.1613071e-002
  8.2605527e-003
  3.1737928e-003
  2.7820071e-001
  8.0643017e-003
  9.1334151e-006
  8.8194483e-001
  6.9498483e-004
  8.2001731e-004
  3.2941722e-003
  2.1883398e-001
  1.5319292e-003
  1.5319292e-003
  1.8338086e-003
  4.0546454e-003
