  1.5208632e-003
  9.7048382e-001
  9.7823925e-001
  7.7474077e-006
  9.9987859e-001
  1.2973959e-001
  3.3038070e-002
  4.1308913e-003
  9.9442563e-001
  4.1687082e-003
  9.9434809e-001
  8.8595789e-003
  3.7843670e-002
  5.4155171e-001
  1.6268902e-004
  1.3763501e-004
  4.1919260e+000
  9.1387332e-001
  4.8270402e-003
  1.3050769e-001
  4.3223393e-003
  2.5328101e-004
  4.5813918e-003
  1.3482826e-001
  1.4872939e-003
  7.7994132e-002
  2.1908925e-002
  1.7103031e-001
  1.7948900e-001
  1.0992904e+000
  4.4638445e-001
  1.2488377e+001
  1.2415094e+001
  1.2414898e+001
  1.3500000e+002
  2.1765175e-003
  2.4135489e-004
  5.6675319e-005
 -8.5094983e+001
  3.1065471e-001
  0.0000000e+000
  0.0000000e+000
  3.2240753e+004
 -1.5286456e+004
 -1.8372039e+005
  1.6677371e+005
  2.1138827e-001
  1.0505728e-001
  1.9190412e-003
  4.1517773e-005
  3.0335421e-001
  5.6564909e-001
  1.0133581e-002
  7.0125806e-005
  8.6199183e-008
  1.4727892e-004
  2.6384616e-006
  1.8246494e-008
  2.1700214e-011
  9.1126017e-001
  2.2034573e-005
  4.7585895e-003
  3.6429792e-002
  3.7480488e-005
  4.7489723e-002
  9.1155967e-001
  2.2195444e-005
  4.7533290e-003
  3.6393551e-002
  3.7270872e-005
  4.7211278e-002
  9.1674789e-001
  2.2342952e-005
  4.0172834e-003
  3.0367871e-002
  3.8541333e-005
  4.8803831e-002
  9.1740904e-001
  2.2573886e-005
  3.9845560e-003
  3.0125891e-002
  3.8227312e-005
  4.8396356e-002
  2.2833872e+002
  3.7841118e+001
  1.4897690e-001
  0.0000000e+000
  0.0000000e+000
  0.0000000e+000
  6.0848451e-001
  3.1023664e-001
  6.5746946e-004
  3.2419393e-007
  4.3259652e-008
  1.4256334e-005
  2.7905332e-004
  6.0729563e-003
  3.6111405e+000
  1.6025027e-002
  2.1340405e-004
  1.2394814e-006
  6.8399279e-001
  1.5224846e+001
  1.4647841e-003
  4.8474126e-005
  5.0540121e-004
  3.5302716e-006
  4.5331296e-011
  2.1550464e-007
  1.0765495e-004
  1.4820759e-007
  4.4955708e-006
  2.8361876e-003
  1.5539203e-002
  8.6394306e-005
  1.1287937e-008
  1.4644580e+000
  3.8457158e+000
  2.1437614e-005
  1.7704384e-005
  3.9359795e-006
  9.7549334e-011
  1.1109198e-015
  6.5525364e-012
  8.5458626e-004
  1.1380238e-006
  5.5243681e-006
  9.6849226e-005
  1.6454393e+001
  2.7333600e+001
  2.9735723e+002
  3.4483334e+002
  1.7791891e+001
  9.7522052e-001
  1.1608707e-004
  3.8056044e+000
  2.4908953e-002
  1.6164722e-003
  1.4745752e-003
  4.8903965e-001
  6.6033830e-004
  4.8964599e-001
  4.6380385e-001
  0.0000000e+000
  2.1764200e-002
  3.6000000e-002
  0.0000000e+000
  2.6084146e+000
  1.2356446e+000
  2.8325685e-001
  8.3615768e-002
  2.7937842e+001
  1.6663657e-001
  2.2997253e-004
  7.2359340e-001
  1.0971269e-002
  1.2051201e-002
  5.7925828e-002
  5.5009367e+001
  1.5319292e-003
  1.5319292e-003
  1.7044115e-002
  2.1046134e-002
