  6.7627440e-004
  9.9499312e-001
  9.9648020e-001
  3.4704419e-006
  1.0005484e+000
  2.5116938e-002
  1.5577338e-002
  3.0330264e-003
  9.9646935e-001
  3.0330264e-003
  9.9646935e-001
  4.8512936e-003
  4.1740252e-003
  8.8797343e-001
  6.8812458e-007
  8.6813047e-008
  2.7728778e+000
  6.0498762e-001
  9.3597512e-003
  1.0959527e-001
  1.4409823e-002
  2.5328101e-004
  1.3916296e-003
  1.3810696e-001
  2.2844341e-003
  7.6234558e-003
  1.0263707e-002
  7.4707544e-002
  1.1699815e-001
  1.1807264e+000
  5.0515728e-001
  5.7911591e+000
  5.7892866e+000
  5.7892866e+000
  1.3500000e+002
  1.8034836e-004
  1.1076682e-004
  9.2514888e-005
 -8.9927351e+001
  9.9646935e-001
  0.0000000e+000
  0.0000000e+000
  1.7828958e+004
 -1.5734663e+004
 -1.8618340e+005
  1.8408829e+005
  4.5615190e-001
  8.1413654e-002
  9.2807174e-004
  3.9495871e-006
  4.3234400e-005
  9.0684619e-001
  1.0337495e-002
  4.3945600e-005
  2.9885569e-008
  3.5294574e-004
  4.0177154e-006
  1.7079865e-008
  1.1615296e-011
  9.8795952e-001
  1.2967914e-005
  5.3831508e-017
  4.2729993e-017
  2.3909591e-005
  1.2002301e-002
  9.8795952e-001
  1.2967914e-005
  4.4900500e-026
  3.5739350e-026
  2.3909591e-005
  1.2002301e-002
  3.9593420e+002
  1.3317017e+000
  7.5989967e-005
  0.0000000e+000
  0.0000000e+000
  0.0000000e+000
  2.0994879e-001
  1.7789931e-003
  1.2058509e-008
  1.0356882e-012
  3.5979479e-012
  2.1283669e-002
  7.2056382e-001
  3.9907062e-001
  2.1494077e+000
  5.5278967e-002
  5.7749054e-005
  1.2198172e-009
  5.0993557e+000
  6.4693940e-001
  1.3808120e-005
  1.1549676e-005
  3.6642020e-008
  8.1325370e-016
  8.9058062e-021
  5.2933540e-017
  7.1840154e-005
  3.3956930e-007
  5.8716312e-008
  1.1927678e-007
  5.5287448e-002
  4.9266768e-005
  7.3405767e-010
  5.1424355e+000
  4.5512655e-001
  6.7765230e-006
  9.8532563e-006
  2.1902778e-008
  2.9057990e-016
  3.1500483e-021
  1.8913599e-017
  5.0484284e-005
  2.3866340e-007
  3.5067802e-008
  4.9699415e-008
