  3.5162249e-003
  9.5492470e-001
  9.7012864e-001
  7.0183977e-006
  1.0006767e+000
  2.7168607e-002
  1.6167249e-002
  5.8527350e-003
  8.0258511e-001
  5.8527283e-003
  9.8997293e-001
  1.7931568e-002
  3.6851980e-002
  7.5614832e-001
  1.3300954e-006
  4.2894185e-007
  3.8887462e+000
  8.4829808e-001
  1.1608046e-002
  1.2602365e-001
  6.5282440e-003
  2.5328101e-004
  3.3301145e-003
  1.3613498e-001
  2.7306689e-003
  1.0217994e-002
  1.3803521e-002
  8.9507342e-002
  1.4687500e-001
  1.2364572e+000
  5.4914638e-001
  1.0569961e+001
  1.0572843e+001
  1.0573556e+001
  1.3500000e+002
  2.4278096e-004
  1.4927905e-004
  1.1217897e-004
 -8.0024664e+001
  1.4094511e-001
  0.0000000e+000
  0.0000000e+000
  2.6532446e+004
 -1.5501188e+004
 -1.8289818e+005
  1.7188783e+005
  9.8390942e-002
  1.0505728e-001
  1.9190412e-003
  4.1517773e-005
  3.0335421e-001
  5.6564909e-001
  1.0133581e-002
  7.0125806e-005
  8.6199183e-008
  1.4727892e-004
  2.6384616e-006
  1.8246494e-008
  2.1700214e-011
  8.2730864e-001
  3.9002601e-005
  1.4992891e-002
  9.4488702e-002
  6.0112007e-005
  6.3106715e-002
  8.2832161e-001
  4.0002550e-005
  1.4773726e-002
  9.3123759e-002
  6.0696434e-005
  6.3636603e-002
  8.4809877e-001
  3.9427196e-005
  9.8019204e-003
  6.1773417e-002
  7.6690563e-005
  8.0205810e-002
  8.4980245e-001
  4.0154911e-005
  9.8012987e-003
  6.1780296e-002
  7.5009054e-005
  7.8458230e-002
  3.2871922e+002
  1.5949882e+001
  2.2615850e-002
  0.0000000e+000
  0.0000000e+000
  0.0000000e+000
  6.3045790e-001
  1.7221507e-001
  2.6274378e-004
  1.4735287e-007
  4.6237162e-008
  3.0761174e-005
  8.5644194e-004
  6.9016020e-003
  3.6097160e+000
  3.4841634e-002
  1.2070287e-004
  1.1313538e-007
  4.5153326e-001
  6.6730959e+000
  2.5992533e-004
  2.6954182e-005
  2.3916191e-004
  8.5536358e-007
  1.0039259e-011
  5.3655109e-008
  1.9656449e-004
  5.8726001e-007
  7.1090095e-006
  2.6801396e-003
  3.4940218e-002
  9.2908180e-005
  2.5347885e-009
  3.3386196e+000
  2.4240933e+000
  5.3306234e-005
  1.8856101e-005
  7.9666679e-007
  3.0621825e-012
  3.5674479e-017
  2.3534782e-013
  3.3023912e-004
  9.8819342e-007
  1.5162420e-006
  2.4518238e-005
  1.6454393e+001
  2.2462632e+001
  2.9735723e+002
  9.3800636e+001
  8.8557590e-001
  3.3312404e-005
 -2.1834573e-116
  2.4755109e-002
  3.8271291e+000
  2.7626048e-002
  9.4688081e-011
  3.7394888e-004
  5.7418786e-002
  6.5431612e-004
  5.8019102e-002
  5.2010720e-002
  0.0000000e+000
  4.1591934e-002
  3.6000000e-002
  0.0000000e+000
  4.8663213e-001
  7.1667099e-002
  8.2717181e-003
  3.1780441e-003
  2.7859506e-001
  8.0750595e-003
  9.1457104e-006
  8.8193409e-001
  6.9589459e-004
  8.2108621e-004
  3.2985202e-003
  2.1914582e-001
  1.5319292e-003
  1.5319292e-003
  1.8361091e-003
  4.0592644e-003
