  1.3415074e-003
  9.8750240e-001
  9.9202762e-001
  6.8330255e-006
  9.9952827e-001
  4.2631794e-002
  2.7649261e-002
  3.9781724e-003
  8.5436762e-001
  3.9770799e-003
  9.9447125e-001
  8.3412516e-003
  3.3084179e-002
  7.4752100e-001
  2.2132153e-006
  7.4751583e-007
  3.9135956e+000
  8.5365060e-001
  1.2259410e-002
  1.2856411e-001
  5.3068727e-003
  2.5328101e-004
  4.0614605e-003
  1.3539042e-001
  2.8716186e-003
  1.1562197e-002
  1.4476690e-002
  9.5764062e-002
  1.5143762e-001
  1.2593539e+000
  5.6820500e-001
  1.0715588e+001
  1.0715089e+001
  1.0715682e+001
  1.3500000e+002
  2.7538113e-004
  1.5665097e-004
  1.1891518e-004
 -8.5843935e+001
  1.3113329e-001
  0.0000000e+000
  0.0000000e+000
  2.5476235e+004
 -1.5033832e+004
 -1.7685553e+005
  1.6644071e+005
  2.1016795e-001
  1.0505728e-001
  1.9190412e-003
  4.1517773e-005
  3.0335421e-001
  5.6564909e-001
  1.0133581e-002
  7.0125806e-005
  8.6199183e-008
  1.4727892e-004
  2.6384616e-006
  1.8246494e-008
  2.1700214e-011
  9.1178500e-001
  2.0428507e-005
  4.7495704e-003
  3.6773566e-002
  3.5949132e-005
  4.6633431e-002
  9.1220939e-001
  2.0759810e-005
  4.7440677e-003
  3.6737589e-002
  3.5648735e-005
  4.6230600e-002
  9.1650792e-001
  2.0446147e-005
  3.8983485e-003
  3.0181821e-002
  3.8093623e-005
  4.9351315e-002
  9.1768560e-001
  2.0726896e-005
  3.8338310e-003
  2.9687681e-002
  3.7597891e-005
  4.8712867e-002
  2.6434889e+002
  2.8851187e+001
  6.2423156e-002
  0.0000000e+000
  0.0000000e+000
  0.0000000e+000
  6.5606709e-001
  2.2988640e-001
  4.8266584e-004
  2.7114222e-007
  4.7214994e-008
  1.9253342e-005
  4.3201198e-004
  6.9687079e-003
  3.6100858e+000
  2.5315064e-002
  1.9394987e-004
  8.5316022e-007
  8.0434086e-001
  1.4912269e+001
  6.3954854e-004
  4.3004806e-005
  3.4933411e-004
  1.4809649e-006
  1.8632242e-011
  8.9472629e-008
  1.5183515e-004
  3.2979095e-007
  5.9462024e-006
  2.7627819e-003
  2.4933514e-002
  1.0733826e-004
  7.2174841e-009
  2.3481049e+000
  2.9555054e+000
  7.3071821e-005
  2.1835497e-005
  1.6144973e-006
  1.1403935e-011
  1.3262402e-016
  7.4655379e-013
  5.1714917e-004
  1.1045294e-006
  2.8430222e-006
  5.3414040e-005
  1.6454393e+001
  2.3215357e+001
  2.9735723e+002
  9.8757537e+001
  9.9665296e-001
  3.4663720e-004
  0.0000000e+000
  2.4734742e-002
  3.8271314e+000
  2.7603321e-002
  1.2490136e-017
  3.9667920e-004
  5.7371445e-002
  6.5431059e-004
  5.7971756e-002
  5.1967368e-002
  0.0000000e+000
  4.1595923e-002
  3.6000000e-002
  0.0000000e+000
  4.8649416e-001
  7.1605123e-002
  8.2589106e-003
  3.1731675e-003
  2.7814271e-001
  8.0627195e-003
  9.1316069e-006
  8.8194641e-001
  6.9485102e-004
  8.1986010e-004
  3.2935327e-003
  2.1878812e-001
  1.5319292e-003
  1.5319292e-003
  1.8334703e-003
  4.0539660e-003
