  1.4456387e-003
  9.8619196e-001
  9.9125926e-001
  7.3797492e-006
  1.0006870e+000
  2.0558912e-002
  1.3166850e-002
  4.0970930e-003
  9.9445919e-001
  4.0970930e-003
  9.9445919e-001
  8.8357219e-003
  5.4665414e-003
  9.0943585e-001
  3.2217619e-007
  3.2083077e-008
  2.6834382e+000
  5.8547417e-001
  8.1332220e-003
  1.0560280e-001
  1.6301991e-002
  2.5328101e-004
  1.1870418e-003
  1.3831081e-001
  1.9850397e-003
  6.2267575e-003
  8.6657565e-003
  6.5416272e-002
  1.0300753e-001
  1.1977288e+000
  5.1823115e-001
  5.5015975e+000
  5.4998587e+000
  5.4998587e+000
  1.3500000e+002
  1.4693317e-004
  9.3397700e-005
  7.8797683e-005
 -8.5400581e+001
  9.9445919e-001
  0.0000000e+000
  0.0000000e+000
  1.9708341e+004
 -2.2589773e+004
 -2.5377425e+005
  2.5665210e+005
  2.8537832e-001
  1.3678255e-001
  2.5314776e-003
  1.8130988e-005
  3.4498941e-005
  8.4446678e-001
  1.5628812e-002
  1.1193692e-004
  1.3859465e-007
  4.1778883e-004
  7.7321492e-006
  5.5379320e-008
  6.8567879e-011
  9.8213533e-001
  2.2701063e-005
  1.7979784e-024
  1.2089463e-024
  4.1855085e-005
  1.7797839e-002
  9.8213533e-001
  2.2701063e-005
  1.7979784e-024
  1.2089463e-024
  4.1855085e-005
  1.7797839e-002
  9.8213533e-001
  2.2701063e-005
  3.5329077e-037
  2.3754989e-037
  4.1855085e-005
  1.7797839e-002
  4.0458195e+002
  9.0324850e-001
  3.4316766e-005
  0.0000000e+000
  0.0000000e+000
  0.0000000e+000
  1.5287703e-001
  8.6089636e-004
  2.8235236e-009
  1.8362344e-013
  9.0173848e-013
  3.0924483e-002
  1.0698230e+000
  3.9355470e-001
  1.4070091e+000
  5.6536498e-002
  4.2385984e-005
  6.3678795e-010
  5.2287282e+000
  4.7162622e-001
  7.1568557e-006
  8.4771240e-006
  1.9123979e-008
  2.2152532e-016
  2.3816349e-021
  1.4418915e-017
  5.1435767e-005
  2.4865427e-007
  3.0856198e-008
  4.4564967e-008
  5.6542350e-002
  3.6534058e-005
  3.9485826e-010
  5.2593116e+000
  3.3767270e-001
  3.6473277e-006
  7.3067581e-006
  1.1782396e-008
  8.4087991e-017
  8.9763284e-022
  5.4732544e-018
  3.6794838e-005
  1.7789502e-007
  1.8956207e-008
  1.9489338e-008
  1.8157307e+001
  4.2225166e-002
  2.9735723e+002
  5.7424103e+001
  2.7610836e-003
