  1.4470659e-003
  9.8617374e-001
  9.9124840e-001
  7.3870306e-006
  1.0006872e+000
  2.1055068e-002
  1.3344343e-002
  4.0987029e-003
  9.9445593e-001
  4.0987029e-003
  9.9445593e-001
  8.8426338e-003
  5.4684678e-003
  9.0873665e-001
  3.4346338e-007
  3.4493479e-008
  2.7021019e+000
  5.8953729e-001
  8.2246179e-003
  1.0593018e-001
  1.6146835e-002
  2.5328101e-004
  1.2020293e-003
  1.3829588e-001
  2.0073490e-003
  6.3785043e-003
  8.7832971e-003
  6.6490058e-002
  1.0407729e-001
  1.2061538e+000
  5.2481970e-001
  5.5611269e+000
  5.5592316e+000
  5.5592320e+000
  1.3500000e+002
  1.5055541e-004
  9.4673754e-005
  7.9801047e-005
 -8.5394664e+001
  9.9445594e-001
  0.0000000e+000
  0.0000000e+000
  1.8472617e+004
 -1.4884191e+004
 -1.7141651e+005
  1.6782565e+005
  2.8518063e-001
  1.0505728e-001
  1.9190412e-003
  4.1517773e-005
  3.0335421e-001
  5.6564909e-001
  1.0133581e-002
  7.0125806e-005
  8.6199183e-008
  1.4727892e-004
  2.6384616e-006
  1.8246494e-008
  2.1700214e-011
  9.4833955e-001
  2.1936127e-005
  1.4369962e-006
  1.1263737e-005
  4.0444732e-005
  5.1583174e-002
  9.4832083e-001
  2.1935694e-005
  1.4369679e-006
  1.1263515e-005
  4.0443933e-005
  5.1582156e-002
  9.4834860e-001
  2.1936336e-005
  3.5738033e-007
  2.8012865e-006
  4.0445118e-005
  5.1583666e-002
  4.1153739e+002
  9.6468577e-001
  3.8464046e-005
  0.0000000e+000
  0.0000000e+000
  0.0000000e+000
  1.6157844e-001
  9.5515576e-004
  3.4757265e-009
  2.3705792e-013
  1.0989674e-012
  2.9418426e-002
  1.0352177e+000
  3.9983019e-001
  1.5045350e+000
  5.6678337e-002
  4.3654023e-005
  6.9884088e-010
  6.9469671e+000
  6.4654985e-001
  1.0081230e-005
  8.7307307e-006
  2.0533635e-008
  2.4289285e-016
  3.1286763e-021
  7.4499379e-017
  5.2701513e-005
  2.5541371e-007
  4.4472957e-008
  9.9774903e-006
  5.6419185e-002
  3.7392556e-005
  4.1454477e-010
  5.1903729e+000
  3.4172583e-001
  3.7857063e-006
  7.4784552e-006
  1.2368932e-008
  9.2673524e-017
  9.9032126e-022
  6.0325516e-018
  3.7725896e-005
  1.8199917e-007
  1.9904685e-008
  3.1233200e-008
  1.6454393e+001
  2.7504740e-002
  2.9735723e+002
  5.7429866e+001
  3.0636742e-003
