  6.7627375e-004
  9.9499312e-001
  9.9648021e-001
  7.0183977e-006
  1.0006767e+000
  2.7168607e-002
  1.6167249e-002
  3.0330252e-003
  9.9646935e-001
  3.0330252e-003
  9.9646935e-001
  4.8512900e-003
  4.1815204e-003
  9.0119868e-001
  4.8250019e-007
  5.2897772e-008
  2.7691873e+000
  6.0419985e-001
  9.6802446e-003
  1.1051285e-001
  1.3974954e-002
  2.5328101e-004
  1.4463772e-003
  1.3805241e-001
  2.3626962e-003
  7.3603761e-003
  1.0408158e-002
  7.3054127e-002
  1.1820650e-001
  1.2359379e+000
  5.4871966e-001
  5.7789973e+000
  5.7773931e+000
  5.7773931e+000
  1.3500000e+002
  1.7404136e-004
  1.1233922e-004
  9.6192474e-005
 -8.9927357e+001
  9.9646935e-001
  0.0000000e+000
  0.0000000e+000
  1.9002069e+004
 -1.5176213e+004
 -1.7715295e+005
  1.7333261e+005
  4.5615213e-001
  1.0505728e-001
  1.9190412e-003
  4.1517773e-005
  3.0335421e-001
  5.6564909e-001
  1.0133581e-002
  7.0125806e-005
  8.6199183e-008
  1.4727892e-004
  2.6384616e-006
  1.8246494e-008
  2.1700214e-011
  9.6478723e-001
  1.2663746e-005
  1.2813695e-006
  1.1859567e-005
  2.3348783e-005
  3.5162354e-002
  9.6477623e-001
  1.2663602e-005
  1.2813549e-006
  1.1859432e-005
  2.3348516e-005
  3.5161953e-002
  9.6479649e-001
  1.2663868e-005
  3.4468506e-007
  3.1901928e-006
  2.3349007e-005
  3.5162691e-002
  9.6478550e-001
  1.2663724e-005
  3.4468113e-007
  3.1901565e-006
  2.3348741e-005
  3.5162291e-002
  3.9472110e+002
  1.2363971e+000
  6.5745025e-005
  0.0000000e+000
  0.0000000e+000
  0.0000000e+000
  1.9794527e-001
  1.5624159e-003
  9.3009330e-009
  7.5794418e-013
  2.8163577e-012
  2.3188947e-002
  7.8266215e-001
  4.0373479e-001
  2.0251511e+000
  5.4960905e-002
  6.0449144e-005
  1.3148951e-009
  5.0843365e+000
  6.6350267e-001
  1.4566622e-005
  1.2089681e-005
  3.9470101e-008
  9.4363528e-016
  1.0366743e-020
  6.1419911e-017
  7.3843105e-005
  3.4702854e-007
  6.3141781e-008
  1.3193568e-007
  5.4966120e-002
  5.2890270e-005
  8.5187639e-010
  5.1111536e+000
  4.8903565e-001
  7.8718112e-006
  1.0577942e-005
  2.5419458e-008
  3.9138050e-016
  4.2612311e-021
  2.5474566e-017
  5.4502684e-005
  2.5616277e-007
  4.0642682e-008
  6.2268571e-008
  1.6454393e+001
  4.5069697e-002
  2.9735723e+002
  5.7466992e+001
  2.5053558e-003
  1.5739011e-009
  1.1328457e-061
  2.4755122e-002
  3.8271291e+000
  2.7626063e-002
  1.7707514e-011
  3.7393671e-004
  5.7418817e-002
  6.5431612e-004
  5.8019133e-002
  5.2010749e-002
  0.0000000e+000
  4.1591931e-002
  3.6000000e-002
  0.0000000e+000
  4.8663222e-001
  7.1667140e-002
  8.2717266e-003
  3.1780473e-003
  2.7859536e-001
  8.0750676e-003
  9.1457197e-006
  8.8193408e-001
  6.9589528e-004
  8.2108702e-004
  3.2985235e-003
  2.1914606e-001
  1.5319292e-003
  1.5319292e-003
  1.8361109e-003
  4.0592679e-003
