  1.3201903e-003
  9.7482640e-001
  9.8075788e-001
  6.8330255e-006
  9.9952827e-001
  4.2631794e-002
  2.7649261e-002
  3.9527864e-003
  9.9474719e-001
  3.9518404e-003
  9.9458980e-001
  8.2344046e-003
  2.6727441e-002
  7.5768003e-001
  1.9171254e-006
  6.1312549e-007
  4.0136044e+000
  8.7556926e-001
  1.2448521e-002
  1.2947320e-001
  4.8669932e-003
  2.5328101e-004
  4.3937182e-003
  1.3505156e-001
  2.9134089e-003
  1.0856860e-002
  1.4537910e-002
  9.2497961e-002
  1.5191682e-001
  1.2691014e+000
  5.7650362e-001
  1.1298036e+001
  1.1300472e+001
  1.1301195e+001
  1.3500000e+002
  2.5827133e-004
  1.5731828e-004
  1.2095061e-004
 -8.5940508e+001
  3.1031041e-001
  0.0000000e+000
  0.0000000e+000
  2.6801447e+004
 -1.5082813e+004
 -1.7820033e+005
  1.6651142e+005
  2.1997311e-001
  1.0505728e-001
  1.9190412e-003
  4.1517773e-005
  3.0335421e-001
  5.6564909e-001
  1.0133581e-002
  7.0125806e-005
  8.6199183e-008
  1.4727892e-004
  2.6384616e-006
  1.8246494e-008
  2.1700214e-011
  9.1796816e-001
  2.0250606e-005
  4.0501968e-003
  3.1464778e-002
  3.5685605e-005
  4.6458898e-002
  9.1837647e-001
  2.0531756e-005
  4.0314038e-003
  3.1324441e-002
  3.5489577e-005
  4.6190125e-002
  9.2164342e-001
  2.0264742e-005
  3.4025146e-003
  2.6432205e-002
  3.7260792e-005
  4.8462302e-002
  9.2255061e-001
  2.0507448e-005
  3.3495277e-003
  2.6025289e-002
  3.6902407e-005
  4.7995816e-002
  3.2661802e+002
  1.6500794e+001
  2.4051317e-002
  0.0000000e+000
  0.0000000e+000
  0.0000000e+000
  6.3090196e-001
  1.7818626e-001
  2.8647897e-004
  1.6426738e-007
  4.9834063e-008
  2.9048226e-005
  8.0337555e-004
  6.6903284e-003
  3.6099824e+000
  2.2364505e-002
  1.2232459e-004
  1.9083014e-007
  7.6049271e-001
  1.4979025e+001
  6.4796617e-004
  2.9191915e-005
  4.1957056e-004
  2.4622358e-006
  2.8697135e-011
  1.4403822e-007
  1.3578467e-004
  2.6061384e-007
  5.2701920e-006
  2.7890731e-003
  2.1955799e-002
  9.0963183e-005
  3.5922998e-009
  2.0530273e+000
  3.2562122e+000
  8.3296812e-005
  1.8532930e-005
  2.1561679e-006
  2.4595420e-011
  2.7984266e-016
  1.5631327e-012
  6.1388924e-004
  1.1546737e-006
  3.5372811e-006
  6.9132308e-005
  1.6454393e+001
  2.2702018e+001
  2.9735723e+002
  9.5307237e+001
  9.1977101e-001
  2.6721070e-004
  0.0000000e+000
  2.4736943e-002
  3.8271312e+000
  2.7605777e-002
  1.3667164e-017
  3.9422274e-004
  5.7376561e-002
  6.5431118e-004
  5.7976873e-002
  5.1972053e-002
  0.0000000e+000
  4.1595492e-002
  3.6000000e-002
  0.0000000e+000
  4.8650907e-001
  7.1611820e-002
  8.2602942e-003
  3.1736943e-003
  2.7819158e-001
  8.0640526e-003
  9.1331305e-006
  8.8194508e-001
  6.9496376e-004
  8.1999256e-004
  3.2940715e-003
  2.1882676e-001
  1.5319292e-003
  1.5319292e-003
  1.8337553e-003
  4.0545385e-003
