  1.1234318e-007
  9.9999993e-001
  9.9999963e-001
  7.0183977e-006
  1.0006767e+000
  2.7168607e-002
  1.6167249e-002
  1.1185672e-004
  9.9997502e-001
  1.1185672e-004
  9.9997502e-001
  6.5916969e-006
  2.1607325e-004
  9.0248126e-001
  6.1423517e-007
  6.6371486e-008
  3.6738313e+000
  8.0164070e-001
  1.0269906e-002
  1.1208586e-001
  1.3229452e-002
  2.5328101e-004
  1.5484880e-003
  1.3795067e-001
  2.5066383e-003
  7.9248309e-003
  1.1196490e-002
  7.6550925e-002
  1.2464690e-001
  1.2808949e+000
  5.8669485e-001
  9.4512493e+000
  9.4493802e+000
  9.4493802e+000
  1.3500000e+002
  1.8758088e-004
  1.2092713e-004
  1.0305939e-004
 -1.3947270e+002
  9.9997502e-001
  0.0000000e+000
  0.0000000e+000
  1.9003436e+004
 -1.5809847e+004
 -1.9839530e+005
  1.9521363e+005
  9.9964617e-001
  1.0505728e-001
  1.9190412e-003
  4.1517773e-005
  3.0335421e-001
  5.6564909e-001
  1.0133581e-002
  7.0125806e-005
  8.6199183e-008
  1.4727892e-004
  2.6384616e-006
  1.8246494e-008
  2.1700214e-011
  9.9954197e-001
  2.6808537e-008
  3.3959136e-009
  1.9328176e-007
  4.9428240e-008
  4.5775031e-004
  9.9954195e-001
  2.6808537e-008
  3.3959138e-009
  1.9328176e-007
  4.9428239e-008
  4.5775030e-004
  9.9954212e-001
  2.6808541e-008
  9.1011550e-010
  5.1800117e-008
  4.9428247e-008
  4.5775037e-004
  9.9954209e-001
  2.6808541e-008
  9.1011556e-010
  5.1800116e-008
  4.9428246e-008
  4.5775036e-004
  3.9001367e+002
  1.4191192e+000
  8.7552027e-005
  0.0000000e+000
  0.0000000e+000
  0.0000000e+000
  2.2062997e-001
  2.0219802e-003
  1.5578081e-008
  1.3990530e-012
  4.5864593e-012
  1.9560512e-002
  6.5232345e-001
  3.9077122e-001
  2.2768998e+000
  5.4270859e-002
  6.8857013e-005
  1.7352077e-009
  5.0027626e+000
  7.5646249e-001
  1.9243620e-005
  1.3771210e-005
  5.2092794e-008
  1.6437004e-015
  1.8237378e-020
  1.0698542e-016
  8.5227718e-005
  3.9550195e-007
  8.3010442e-008
  2.0098453e-007
  5.4279751e-002
  5.9965938e-005
  1.1087080e-009
  5.0475323e+000
  5.5436317e-001
  1.0242864e-005
  1.1993043e-005
  3.3082234e-008
  6.6291332e-016
  7.2786126e-021
  4.3148206e-017
  6.2392806e-005
  2.8958457e-007
  5.2745889e-008
  9.2764909e-008
  1.6454393e+001
  5.8404176e-002
  2.9735723e+002
  5.7495102e+001
  3.2425246e-003
  2.0772500e-009
  6.2052525e-078
  2.4755125e-002
  3.8271291e+000
  2.7626066e-002
 -2.8388693e-019
  3.7393412e-004
  5.7418822e-002
  6.5431612e-004
  5.8019138e-002
  5.2010753e-002
  0.0000000e+000
  4.1591931e-002
  3.6000000e-002
  0.0000000e+000
  4.8663223e-001
  7.1667146e-002
  8.2717279e-003
  3.1780478e-003
  2.7859540e-001
  8.0750688e-003
  9.1457211e-006
  8.8193408e-001
  6.9589539e-004
  8.2108714e-004
  3.2985240e-003
  2.1914609e-001
  1.5319292e-003
  1.5319292e-003
  1.8361111e-003
  4.0592684e-003
