  1.3376216e-003
  9.8754986e-001
  9.9205599e-001
  6.8330255e-006
  9.9952827e-001
  4.2631794e-002
  2.7649261e-002
  3.9736532e-003
  8.5258226e-001
  3.9725882e-003
  9.9446627e-001
  8.3223765e-003
  3.3973358e-002
  7.5535846e-001
  1.9146974e-006
  6.2011573e-007
  3.9215992e+000
  8.5546269e-001
  1.2569168e-002
  1.2964839e-001
  4.7840771e-003
  2.5328101e-004
  4.4730306e-003
  1.3497119e-001
  2.9381619e-003
  1.0778370e-002
  1.4489451e-002
  9.2131712e-002
  1.5163548e-001
  1.2739909e+000
  5.8070908e-001
  1.0761185e+001
  1.0762263e+001
  1.0762881e+001
  1.3500000e+002
  2.5636801e-004
  1.5678540e-004
  1.2212496e-004
 -8.5863655e+001
  1.2915567e-001
  0.0000000e+000
  0.0000000e+000
  2.5511211e+004
 -1.5034613e+004
 -1.7688632e+005
  1.6644021e+005
  2.0907978e-001
  1.0505728e-001
  1.9190412e-003
  4.1517773e-005
  3.0335421e-001
  5.6564909e-001
  1.0133581e-002
  7.0125806e-005
  8.6199183e-008
  1.4727892e-004
  2.6384616e-006
  1.8246494e-008
  2.1700214e-011
  9.1087015e-001
  2.0378854e-005
  4.8672142e-003
  3.7706640e-002
  3.5821969e-005
  4.6497743e-002
  9.1130426e-001
  2.0718334e-005
  4.8609232e-003
  3.7664703e-002
  3.5519831e-005
  4.6091936e-002
  9.1505448e-001
  2.0393983e-005
  4.1106855e-003
  3.1844862e-002
  3.7739833e-005
  4.8929793e-002
  9.1620554e-001
  2.0688443e-005
  4.0459815e-003
  3.1349279e-002
  3.7267982e-005
  4.8319535e-002
  3.2866081e+002
  1.6879793e+001
  2.4933263e-002
  0.0000000e+000
  0.0000000e+000
  0.0000000e+000
  6.3144785e-001
  1.8174883e-001
  2.9955020e-004
  1.7192730e-007
  5.0983221e-008
  2.8168501e-005
  7.8375889e-004
  6.6301141e-003
  3.6100632e+000
  2.1950859e-002
  1.2336577e-004
  1.9121057e-007
  7.5289421e-001
  1.4959277e+001
  6.4278288e-004
  2.9419045e-005
  4.2042003e-004
  2.4515960e-006
  2.8631670e-011
  1.4450140e-007
  1.3487013e-004
  2.5407949e-007
  5.2265144e-006
  2.7911322e-003
  2.1527749e-002
  9.2646280e-005
  3.7134791e-009
  2.0132364e+000
  3.2948651e+000
  8.5943469e-005
  1.8880605e-005
  2.2470606e-006
  2.6194989e-011
  2.9898926e-016
  1.6844247e-012
  6.2992934e-004
  1.1617533e-006
  3.6541330e-006
  6.5777395e-005
  1.6454393e+001
  2.7083008e+001
  2.9735723e+002
  9.5845168e+001
  9.3183467e-001
  4.6794913e-004
  0.0000000e+000
  2.4734742e-002
  3.8271314e+000
  2.7603321e-002
  1.5256320e-017
  3.9667920e-004
  5.7371445e-002
  6.5431059e-004
  5.7971756e-002
  5.1967368e-002
  0.0000000e+000
  4.1595923e-002
  3.6000000e-002
  0.0000000e+000
  4.8649416e-001
  7.1605123e-002
  8.2589107e-003
  3.1731675e-003
  2.7814271e-001
  8.0627196e-003
  9.1316069e-006
  8.8194641e-001
  6.9485103e-004
  8.1986011e-004
  3.2935327e-003
  2.1878812e-001
  1.5319292e-003
  1.5319292e-003
  1.8334703e-003
  4.0539660e-003
