  1.4799333e-001
  6.9094279e-002
  6.6374048e-002
  1.1432295e-003
  9.9934054e-001
  3.7538874e-002
  1.9833455e-002
  3.0009614e-002
  8.9693768e-001
  3.0009614e-002
  8.9693768e-001
  3.3517523e-001
  3.2565046e-002
  8.6761807e-001
  1.9287360e-006
  2.9428315e-007
  2.7839381e+000
  6.0724330e-001
  1.1203057e-002
  1.1431043e-001
  1.2175151e-002
  2.5328101e-004
  1.7139224e-003
  1.3778584e-001
  2.7344031e-003
  1.1460218e-002
  1.3093915e-002
  9.4805619e-002
  1.3915197e-001
  1.2957757e+000
  5.9980032e-001
  5.8277939e+000
  5.8235155e+000
  5.8235155e+000
  1.3500000e+002
  2.7302102e-004
  1.4164346e-004
  1.1420631e-004
 -5.5136525e+001
  8.9693768e-001
  0.0000000e+000
  0.0000000e+000
  3.6732565e+004
 -1.5518197e+004
 -2.0171512e+005
  1.8051730e+005
  3.7851910e+002
  2.9176488e+000
  3.7946796e-004
  0.0000000e+000
  0.0000000e+000
  0.0000000e+000
  3.6588696e-001
  7.0897536e-003
  1.9165994e-007
  2.7550030e-011
  4.5946698e-011
  6.1651429e-003
  1.9954104e-001
  2.5259520e-001
  3.1178530e+000
  5.2959137e-002
  8.7639998e-005
  3.0230596e-009
  4.8540796e+000
  1.0069951e+000
  3.5144627e-005
  1.7527687e-005
  9.0882468e-008
  5.0020076e-015
 -1.7108325e-020
  3.2659780e-016
  1.1568936e-004
  5.2388207e-007
  1.4352862e-007
  4.7674504e-007
  5.2974709e-002
  7.2063287e-005
  1.6366250e-009
  4.9284972e+000
  6.6471452e-001
  1.5082272e-005
  1.4412449e-005
  4.8826433e-008
  1.4440333e-015
  1.6082374e-020
  9.3989656e-017
  7.6253921e-005
  3.4540932e-007
  7.7453016e-008
  1.6727874e-007
