  1.3785248e-003
  9.8698076e-001
  9.8971820e-001
  7.0400377e-006
  9.1122150e-001
  1.8174567e-001
  1.0241168e-001
  4.0416109e-003
  1.2238159e-001
  4.0228351e-003
  9.4444602e-001
  1.6948678e-002
  1.2935260e-001
  4.5955658e-001
  3.2652154e-006
  3.8399171e-006
  4.2980830e+000
  9.3724943e-001
  2.4332631e-002
  1.3323047e-001
  3.1787949e-003
  2.5328101e-004
  7.1666636e-003
  1.3230662e-001
  5.3977242e-003
  1.7395293e-002
  2.8782579e-002
  1.1952550e-001
  2.3168979e-001
  1.2882701e+000
  5.9316370e-001
  1.3153094e+001
  1.3151299e+001
  1.3151642e+001
  1.3500000e+002
  4.1757305e-004
  3.1431040e-004
  2.6044314e-004
 -8.5681408e+001
  1.5695656e-001
  0.0000000e+000
  0.0000000e+000
  2.9618955e+004
 -1.5163693e+004
 -1.8042172e+005
  1.6601933e+005
  2.1667594e+002
  7.8612577e+001
  2.0086788e-001
  0.0000000e+000
  0.0000000e+000
  0.0000000e+000
  4.6329525e-001
  5.0478826e-001
  2.3834526e-003
  9.3557185e-007
  6.0127258e-008
  1.4186860e-006
  2.6026349e-005
  2.2751620e-003
  3.6147754e+000
  1.3594924e-002
  5.7297340e-004
  3.8615134e-007
  4.5398213e-001
  1.6689349e+001
  2.9270177e-003
  1.2545954e-004
  6.5503965e-004
  6.0995477e-007
  1.0616894e-011
  3.7029381e-008
  1.2879824e-004
  1.5026827e-007
  4.4420069e-006
  2.8400019e-003
  1.3628317e-002
  3.5720530e-004
  4.7324312e-008
  1.3072526e+000
  3.9898586e+000
  4.8037536e-004
  7.3021276e-005
  7.3081435e-006
  4.3196639e-011
  6.4438761e-016
  2.7950882e-012
  9.7165577e-004
  1.1341134e-006
  6.9341772e-006
  3.2664083e-004
