  1.3205724e-003
  9.7478077e-001
  9.7981866e-001
  6.7427463e-006
  9.8442151e-001
  1.2043503e-001
  6.0580299e-002
  3.9568926e-003
  9.9472849e-001
  3.9528274e-003
  9.8860216e-001
  8.4566110e-003
  7.0364562e-002
  4.9799300e-001
  1.5518026e-005
  1.5642153e-005
  4.3082024e+000
  9.3942237e-001
  1.3610477e-002
  1.3082815e-001
  4.2652821e-003
  2.5328101e-004
  5.1488572e-003
  1.3429227e-001
  2.8568012e-003
  2.2345256e-002
  2.0277010e-002
  1.2821093e-001
  1.9008716e-001
  1.0107918e+000
  3.8895365e-001
  1.3227714e+001
  1.3219587e+001
  1.3220297e+001
  1.3500000e+002
  5.4330266e-004
  2.2021180e-004
  1.1240092e-004
 -8.5940747e+001
  2.3119744e-001
  0.0000000e+000
  0.0000000e+000
  3.8228612e+004
 -1.5555557e+004
 -1.8953601e+005
  1.6687262e+005
  1.7466249e-001
  1.0505728e-001
  1.9190412e-003
  4.1517773e-005
  3.0335421e-001
  5.6564909e-001
  1.0133581e-002
  7.0125806e-005
  8.6199183e-008
  1.4727892e-004
  2.6384616e-006
  1.8246494e-008
  2.1700214e-011
  8.0237097e-001
  1.9172833e-005
  1.7332190e-002
  1.3462910e-001
  3.5167920e-005
  4.5611435e-002
  8.0407175e-001
  2.0382044e-005
  1.7288090e-002
  1.3431077e-001
  3.4142950e-005
  4.4250155e-002
  8.1526167e-001
  1.9217019e-005
  1.4958786e-002
  1.1618397e-001
  4.1399648e-005
  5.3532998e-002
  2.4530924e+002
  5.5290718e+001
  2.5292674e-001
  0.0000000e+000
  0.0000000e+000
  0.0000000e+000
  5.2387297e-001
  4.2680162e-001
  1.9947672e-003
  8.6094167e-007
  7.8397764e-008
  6.3638744e-006
  1.3150327e-004
  3.8902427e-003
  3.6134804e+000
  1.9827090e-002
  4.9416138e-004
  2.1356935e-006
  4.9340319e-001
  1.5356558e+001
  1.3101350e-003
  1.1022132e-004
  8.7017402e-004
  2.2092124e-006
  3.5505281e-011
  1.2807842e-007
  8.7813164e-005
  1.4951218e-007
  4.4646244e-006
  2.8825444e-003
  1.9469130e-002
  2.3104442e-004
  1.6811397e-008
  1.8205683e+000
  3.4968964e+000
  7.8263339e-005
  4.7306686e-005
  4.0385498e-006
  2.3892976e-011
  3.1572252e-016
  1.5235158e-012
  7.2218906e-004
  1.2046110e-006
  5.2152609e-006
  1.8129169e-004
  1.6454393e+001
  2.7632103e+001
  2.9735723e+002
  3.5973521e+002
  3.0884034e+001
