  3.5162673e-003
  9.1040104e-001
  9.1635836e-001
  7.0183977e-006
  1.0006767e+000
  2.7168607e-002
  1.6167249e-002
  5.8527632e-003
  9.9055196e-001
  5.8527569e-003
  9.8997282e-001
  1.7931735e-002
  3.6850112e-002
  6.5793323e-001
  6.9056716e-006
  3.5902250e-006
  3.9248638e+000
  8.5594674e-001
  9.0426238e-003
  1.2297755e-001
  7.9691474e-003
  2.5328101e-004
  2.6771341e-003
  1.3679027e-001
  2.0943134e-003
  1.4192871e-002
  1.3406661e-002
  1.0597969e-001
  1.4420370e-001
  9.3417632e-001
  3.4387185e-001
  1.0775599e+001
  1.0772051e+001
  1.0772742e+001
  1.3500000e+002
  3.3972476e-004
  1.4493165e-004
  8.1886799e-005
 -8.0024591e+001
  2.4109356e-001
  0.0000000e+000
  0.0000000e+000
  2.8488293e+004
 -1.5579988e+004
 -1.8491039e+005
  1.7198975e+005
  9.8389870e-002
  1.0505728e-001
  1.9190412e-003
  4.1517773e-005
  3.0335421e-001
  5.6564909e-001
  1.0133581e-002
  7.0125806e-005
  8.6199183e-008
  1.4727892e-004
  2.6384616e-006
  1.8246494e-008
  2.1700214e-011
  8.2692778e-001
  3.8990857e-005
  1.5062139e-002
  9.4927280e-002
  5.9989553e-005
  6.2979885e-002
  8.2772198e-001
  3.9990278e-005
  1.4880020e-002
  9.3795909e-002
  6.0524653e-005
  6.3457973e-002
  8.4804893e-001
  3.9424196e-005
  9.7885747e-003
  6.1689121e-002
  7.6834009e-005
  8.0353148e-002
  8.4957954e-001
  4.0150270e-005
  9.8303092e-003
  6.1962967e-002
  7.5020542e-005
  7.8469449e-002
  2.5741567e+002
  2.9270918e+001
  6.5191760e-002
  0.0000000e+000
  0.0000000e+000
  0.0000000e+000
  6.5285796e-001
  2.3525975e-001
  4.9070238e-004
  2.6866911e-007
  4.6123996e-008
  1.9081778e-005
  4.1696429e-004
  6.9883051e-003
  3.6100815e+000
  4.0924976e-002
  1.5184095e-004
  4.5539994e-007
  5.2872131e-001
  6.8990842e+000
  2.5337379e-004
  3.2754459e-005
  1.8493808e-004
  4.1158882e-007
  4.9967856e-012
  2.5875672e-008
  2.2439049e-004
  7.8729561e-007
  8.1254400e-006
  2.6264639e-003
  4.1100537e-002
  8.1395128e-005
  2.4016086e-009
  3.9218815e+000
  1.8221892e+000
  2.1381237e-005
  1.6550646e-005
  4.5582879e-007
  8.5297719e-013
  9.6847019e-018
  5.9410198e-014
  2.2156879e-004
  7.7993549e-007
  8.7835356e-007
  1.9613398e-005
  1.6454393e+001
  2.7236912e+001
  2.9735723e+002
  3.3698666e+002
  1.1376317e+001
  8.4083720e-005
  0.0000000e+000
  2.4755111e-002
  3.8271291e+000
  2.7626051e-002
  7.9932947e-011
  3.7394648e-004
  5.7418792e-002
  6.5431612e-004
  5.8019108e-002
  5.2010725e-002
  0.0000000e+000
  4.1591933e-002
  3.6000000e-002
  0.0000000e+000
  4.8663214e-001
  7.1667106e-002
  8.2717196e-003
  3.1780446e-003
  2.7859511e-001
  8.0750609e-003
  9.1457120e-006
  8.8193408e-001
  6.9589471e-004
  8.2108635e-004
  3.2985208e-003
  2.1914586e-001
  1.5319292e-003
  1.5319292e-003
  1.8361094e-003
  4.0592650e-003
