  1.4420850e-003
  9.8623803e-001
  9.9128685e-001
  7.3613610e-006
  1.0006864e+000
  2.2450946e-002
  9.1806225e-003
  4.0930081e-003
  9.9442681e-001
  4.0930208e-003
  9.9446756e-001
  8.8181127e-003
  1.2807480e-002
  9.2999965e-001
  1.0291505e-006
  7.7462132e-008
  3.3261307e+000
  7.2585260e-001
  2.8114753e-003
  1.1114174e-001
  1.3504783e-002
  2.5328101e-004
  1.0742757e-003
  1.3840749e-001
  9.5427365e-004
  6.8259293e-003
  6.0439974e-003
  6.9526272e-002
  7.7219697e-002
  1.3832745e+000
  6.8285199e-001
  7.8424591e+000
  7.8431798e+000
  7.8434799e+000
  1.3500000e+002
  1.6125176e-004
  6.5000993e-005
  3.5479487e-005
 -8.5412184e+001
  4.2670319e-001
  0.0000000e+000
  0.0000000e+000
  2.3164752e+004
 -1.5191734e+004
 -1.7746833e+005
  1.6950991e+005
  2.8121182e-001
  1.0505728e-001
  1.9190412e-003
  4.1517773e-005
  3.0335421e-001
  5.6564909e-001
  1.0133581e-002
  7.0125806e-005
  8.6199183e-008
  1.4727892e-004
  2.6384616e-006
  1.8246494e-008
  2.1700214e-011
  9.4842952e-001
  2.1880985e-005
  1.7447328e-006
  1.3689838e-005
  4.0341205e-005
  5.1490639e-002
  9.4841084e-001
  2.1880538e-005
  1.7446539e-006
  1.3689207e-005
  4.0340416e-005
  5.1489625e-002
  9.4844317e-001
  2.1881302e-005
  1.1849913e-007
  9.2886480e-007
  4.0341781e-005
  5.1491374e-002
  9.4842449e-001
  2.1880856e-005
  1.1838233e-007
  9.2797790e-007
  4.0340992e-005
  5.1490360e-002
  3.9508113e+002
  1.0559087e+000
  5.7058059e-005
  0.0000000e+000
  0.0000000e+000
  0.0000000e+000
  1.7411273e-001
  1.2728754e-003
  6.2826316e-009
  4.7555504e-013
  2.0439156e-012
  6.5767558e-004
  2.2195829e-002
  1.2296958e-002
  3.5818288e+000
  3.6226877e-002
  1.6008799e-005
  5.4738534e-009
  1.5875039e+000
  7.3668261e+000
  5.4151625e-005
  3.2077328e-006
  5.7954698e-007
  8.9013683e-006
  9.2609137e-011
  5.6059556e-007
  1.4470551e-004
  4.4927304e-007
  2.7184915e-006
  2.1155143e-003
  3.5998080e-002
  7.7705725e-006
  3.4749647e-011
  3.4782343e+000
  2.0263938e+000
  4.4377400e-006
  1.5541524e-006
  2.6892949e-009
  1.0567629e-010
  1.0886124e-015
  6.7319060e-012
  1.2154883e-004
  3.7479223e-007
  6.2939026e-008
  5.1025204e-006
  1.6454393e+001
  1.9281961e-081
  2.9735723e+002
  5.7371503e+001
  3.1728081e-030
 -6.1685183e-003
 -9.6323967e-001
  2.9302099e+000
 -4.2601285e-002
  7.1818935e-002
 -1.2176518e-003
  1.7997736e+001
  6.6113472e-004
  1.7998343e+001
  1.7951761e+001
  0.0000000e+000
  1.0244249e-003
  3.6000000e-002
  0.0000000e+000
  9.3508192e+000
  7.3412275e+000
  5.5115780e-001
  1.2379911e-001
  3.4012252e+001
  2.1800821e-001
  3.2378310e-004
  6.7231558e-001
  1.3474966e-002
  1.4545846e-002
  7.2215867e-002
  6.4274475e+001
  1.5319292e-003
  1.5319292e-003
  1.9028701e-002
  2.2193407e-002
