  1.4471488e-003
  9.8617268e-001
  9.9124777e-001
  7.3874535e-006
  1.0006872e+000
  2.1052422e-002
  1.3342892e-002
  4.0987964e-003
  9.9445574e-001
  4.0987964e-003
  9.9445574e-001
  8.8430353e-003
  5.4685799e-003
  9.0873608e-001
  3.4332019e-007
  3.4479337e-008
  2.7003387e+000
  5.8915215e-001
  8.2238517e-003
  1.0592732e-001
  1.6148191e-002
  2.5328101e-004
  1.2019014e-003
  1.3829600e-001
  2.0071620e-003
  6.3776954e-003
  8.7823369e-003
  6.6484377e-002
  1.0406858e-001
  1.2060824e+000
  5.2476358e-001
  5.5554966e+000
  5.5535970e+000
  5.5535970e+000
  1.3500000e+002
  1.5053610e-004
  9.4663329e-005
  7.9792626e-005
 -8.5394321e+001
  9.9445574e-001
  0.0000000e+000
  0.0000000e+000
  2.3241959e+004
 -2.0357135e+004
 -2.3228639e+005
  2.2939912e+005
  2.8516906e-001
  1.0505728e-001
  1.9190412e-003
  4.1517773e-005
  3.0335421e-001
  5.6564909e-001
  1.0133581e-002
  7.0125806e-005
  8.6199183e-008
  1.4727892e-004
  2.6384616e-006
  1.8246494e-008
  2.1700214e-011
  9.4833807e-001
  2.1937034e-005
  1.4365023e-006
  1.1259724e-005
  4.0446407e-005
  5.1584661e-002
  9.4831934e-001
  2.1936601e-005
  1.4364740e-006
  1.1259502e-005
  4.0445608e-005
  5.1583642e-002
  9.4834711e-001
  2.1937243e-005
  3.5727697e-007
  2.8004410e-006
  4.0446792e-005
  5.1585153e-002
  4.0390663e+002
  9.4650510e-001
  3.7733802e-005
  0.0000000e+000
  0.0000000e+000
  0.0000000e+000
  1.5902042e-001
  9.3983161e-004
  3.3650735e-009
  2.2637429e-013
  1.0671195e-012
  2.9902557e-002
  1.0327431e+000
  3.9874693e-001
  1.4963395e+000
  5.6447866e-002
  4.3437617e-005
  6.7036913e-010
  5.2196681e+000
  4.8365525e-001
  7.5396537e-006
  8.6874470e-006
  2.0132925e-008
  2.4551646e-016
  2.6429078e-021
  1.5980469e-017
  5.2814307e-005
  2.5491822e-007
  3.2469380e-008
  4.8174390e-008
  5.6453898e-002
  3.7405492e-005
  4.1455311e-010
  5.2511255e+000
  3.4571488e-001
  3.8290897e-006
  7.4810423e-006
  1.2370030e-008
  9.2684749e-017
  9.9045328e-022
  6.0328112e-018
  3.7718049e-005
  1.8207327e-007
  1.9895120e-008
  2.0974465e-008
  1.6454393e+001
  2.7061627e-002
  2.9735723e+002
  5.7428927e+001
  3.0143272e-003
