  1.3456660e-003
  9.8745238e-001
  9.9200013e-001
  6.8330255e-006
  9.9952827e-001
  4.2631794e-002
  2.7649261e-002
  3.9827119e-003
  8.5453105e-001
  3.9818528e-003
  9.9446507e-001
  8.3585142e-003
  3.2969222e-002
  6.7706338e-001
  6.6968439e-006
  3.1940731e-006
  3.9155407e+000
  8.5395230e-001
  1.0689613e-002
  1.2648078e-001
  6.3002303e-003
  2.5328101e-004
  3.4211050e-003
  1.3603731e-001
  2.4795726e-003
  1.3619055e-002
  1.4001695e-002
  1.0373192e-001
  1.4812987e-001
  9.7324290e-001
  3.6635750e-001
  1.0727321e+001
  1.0722894e+001
  1.0723462e+001
  1.3500000e+002
  3.2569444e-004
  1.5145288e-004
  9.9481154e-005
 -8.5824164e+001
  1.3148391e-001
  0.0000000e+000
  0.0000000e+000
  2.6142517e+004
 -1.5064598e+004
 -1.7756255e+005
  1.6648148e+005
  2.1007187e-001
  1.0505728e-001
  1.9190412e-003
  4.1517773e-005
  3.0335421e-001
  5.6564909e-001
  1.0133581e-002
  7.0125806e-005
  8.6199183e-008
  1.4727892e-004
  2.6384616e-006
  1.8246494e-008
  2.1700214e-011
  9.1157753e-001
  2.0471276e-005
  4.7765607e-003
  3.6960358e-002
  3.5966431e-005
  4.6627056e-002
  9.1194412e-001
  2.0803871e-005
  4.7792823e-003
  3.6988078e-002
  3.5654966e-005
  4.6210061e-002
  9.1650420e-001
  2.0492276e-005
  3.9082147e-003
  3.0239067e-002
  3.8066866e-005
  4.9287900e-002
  9.1772485e-001
  2.0772552e-005
  3.8326679e-003
  2.9659901e-002
  3.7612910e-005
  4.8702456e-002
  3.3008448e+002
  1.8136876e+001
  2.7648419e-002
  0.0000000e+000
  0.0000000e+000
  0.0000000e+000
  6.3542583e-001
  1.8954033e-001
  3.2140901e-004
  1.8444256e-007
  5.0936016e-008
  2.6189262e-005
  7.3182607e-004
  6.5368780e-003
  3.6102107e+000
  3.0591598e-002
  1.1723789e-004
  1.1820445e-007
  9.3343532e-001
  1.4806057e+001
  5.9351405e-004
  2.6392160e-005
  2.5089082e-004
  7.8371638e-007
  9.1490117e-012
  4.8500837e-008
  1.8492483e-004
  4.8516673e-007
  6.6214056e-006
  2.7052626e-003
  3.0374367e-002
  8.1694379e-005
  2.0185107e-009
  2.9047073e+000
  2.3901288e+000
  4.1401685e-005
  1.6631769e-005
  9.2331574e-007
  3.8476631e-012
  4.3559500e-017
  2.5914115e-013
  3.6557875e-004
  9.5112176e-007
  1.6920086e-006
  4.2762754e-005
  1.6454393e+001
  2.2937026e+001
  2.9735723e+002
  3.3114897e+002
  9.5585785e-001
  2.8479808e-004
  0.0000000e+000
  2.4736093e-002
  3.8271313e+000
  2.7604828e-002
  1.4281912e-017
  3.9517177e-004
  5.7374585e-002
  6.5431096e-004
  5.7974897e-002
  5.1970244e-002
  0.0000000e+000
  4.1595659e-002
  3.6000000e-002
  0.0000000e+000
  4.8650331e-001
  7.1609234e-002
  8.2597598e-003
  3.1734908e-003
  2.7817270e-001
  8.0635377e-003
  9.1325420e-006
  8.8194559e-001
  6.9492022e-004
  8.1994140e-004
  3.2938634e-003
  2.1881184e-001
  1.5319292e-003
  1.5319292e-003
  1.8336452e-003
  4.0543173e-003
