  1.3588274e-003
  9.7385971e-001
  9.8003707e-001
  6.9370271e-006
  1.0006744e+000
  2.7268173e-002
  1.6192093e-002
  3.9974041e-003
  9.9465982e-001
  3.9973544e-003
  9.9465944e-001
  8.4132327e-003
  5.9264238e-003
  8.8829227e-001
  9.3471373e-007
  1.1754438e-007
  3.6598152e+000
  7.9856999e-001
  9.3485082e-003
  1.2066633e-001
  9.0468891e-003
  2.5328101e-004
  2.2506180e-003
  1.3722715e-001
  2.2756802e-003
  8.1965672e-003
  1.0503736e-002
  7.8266779e-002
  1.1927581e-001
  1.2766394e+000
  5.8299758e-001
  9.3662335e+000
  9.3681313e+000
  9.3686259e+000
  1.3500000e+002
  1.9409396e-004
  1.1336927e-004
  9.2001968e-005
 -8.5770120e+001
  5.0308487e-001
  0.0000000e+000
  0.0000000e+000
  2.1579645e+004
 -1.4866205e+004
 -1.7311198e+005
  1.6641612e+005
  2.7023172e-001
  1.0505728e-001
  1.9190412e-003
  4.1517773e-005
  3.0335421e-001
  5.6564909e-001
  1.0133581e-002
  7.0125806e-005
  8.6199183e-008
  1.4727892e-004
  2.6384616e-006
  1.8246494e-008
  2.1700214e-011
  9.4964745e-001
  2.0959132e-005
  4.3026607e-005
  3.3289178e-004
  3.8598594e-005
  4.9914982e-002
  9.4963363e-001
  2.0961513e-005
  4.2614525e-005
  3.2976525e-004
  3.8597644e-005
  4.9913462e-002
  9.4972161e-001
  2.0959828e-005
  3.1436677e-005
  2.4286842e-004
  3.8620260e-005
  4.9942405e-002
  9.4971224e-001
  2.0961603e-005
  3.0528144e-005
  2.3589502e-004
  3.8619143e-005
  4.9940789e-002
  2.9019178e+002
  5.6546719e+000
  2.1605706e-003
  0.0000000e+000
  0.0000000e+000
  0.0000000e+000
  5.1387169e-001
  3.2592739e-002
  7.3956286e-006
  2.8327293e-009
  2.4924272e-009
  1.5297141e-004
  3.7827517e-003
  1.3052030e-002
  3.6004722e+000
  3.8358214e-002
  5.3303563e-005
  1.5437617e-008
  1.8330203e+000
  1.3771231e+001
  3.0811579e-004
  1.0889331e-005
  2.0736248e-005
  7.1645872e-007
  7.8255532e-012
  4.8367624e-008
  3.2165647e-004
  1.0573050e-006
  5.2014633e-006
  2.1752432e-003
  3.8358063e-002
  3.7378467e-005
  6.0102739e-010
  3.7266029e+000
  1.5389652e+000
  2.2670966e-005
  7.4849952e-006
  7.6912212e-008
  2.5308241e-012
  2.8896985e-017
  4.1116987e-013
  1.6896684e-004
  5.5494664e-007
  3.0123450e-007
  4.4367157e-006
  1.6454393e+001
  1.5453838e+001
  2.9735723e+002
  7.4680710e+001
  4.5617452e-001
  0.0000000e+000
  2.4740985e-002
  3.8271307e+000
  2.7610288e-002
  1.1169602e-017
  3.8971222e-004
  5.7385957e-002
  6.5431227e-004
  5.7986272e-002
  5.1980658e-002
  0.0000000e+000
  4.1594700e-002
  3.6000000e-002
  0.0000000e+000
  4.8653645e-001
  7.1624120e-002
  8.2628355e-003
  3.1746620e-003
  2.7828133e-001
  8.0665012e-003
  9.1359290e-006
  8.8194263e-001
  6.9517084e-004
  8.2023586e-004
  3.2950612e-003
  2.1889773e-001
  1.5319292e-003
  1.5319292e-003
  1.8342790e-003
  4.0555900e-003
