  1.3343626e-003
  9.8759296e-001
  9.9208305e-001
  6.8330255e-006
  9.9952827e-001
  4.2631794e-002
  2.7649261e-002
  3.9694307e-003
  8.5472774e-001
  3.9685241e-003
  9.9449276e-001
  8.3035382e-003
  3.2847145e-002
  7.5981720e-001
  1.7935751e-006
  5.6695437e-007
  3.9076180e+000
  8.5241855e-001
  1.1243335e-002
  1.2861919e-001
  5.2693580e-003
  2.5328101e-004
  4.0413252e-003
  1.3540544e-001
  2.6213601e-003
  1.0406500e-002
  1.3536483e-002
  9.0383447e-002
  1.4508478e-001
  1.2758730e+000
  5.8233557e-001
  1.0680653e+001
  1.0682161e+001
  1.0682800e+001
  1.3500000e+002
  2.4735203e-004
  1.4635269e-004
  1.0655460e-004
 -8.5874659e+001
  1.3158060e-001
  0.0000000e+000
  0.0000000e+000
  2.5902675e+004
 -1.5052568e+004
 -1.7729043e+005
  1.6646810e+005
  2.1152973e-001
  1.0505728e-001
  1.9190412e-003
  4.1517773e-005
  3.0335421e-001
  5.6564909e-001
  1.0133581e-002
  7.0125806e-005
  8.6199183e-008
  1.4727892e-004
  2.6384616e-006
  1.8246494e-008
  2.1700214e-011
  9.1240934e-001
  2.0355401e-005
  4.6895576e-003
  3.6350072e-002
  3.5797089e-005
  4.6492832e-002
  9.1284519e-001
  2.0682257e-005
  4.6805585e-003
  3.6286870e-002
  3.5512153e-005
  4.6109334e-002
  9.1663842e-001
  2.0370939e-005
  3.9300431e-003
  3.0462034e-002
  3.7701599e-005
  4.8909379e-002
  9.1777684e-001
  2.0652466e-005
  3.8642366e-003
  2.9957380e-002
  3.7247556e-005
  4.8322019e-002
  3.2895149e+002
  1.6642141e+001
  2.4378152e-002
  0.0000000e+000
  0.0000000e+000
  0.0000000e+000
  6.3094698e-001
  1.7974744e-001
  2.9325527e-004
  1.6837511e-007
  5.0645251e-008
  2.8616648e-005
  7.9697673e-004
  6.6559336e-003
  3.6100237e+000
  2.4169634e-002
  1.1675417e-004
  2.0084986e-007
  7.6255093e-001
  1.4966555e+001
  5.6045344e-004
  2.8340109e-005
  4.4520493e-004
  2.7672761e-006
  3.2069252e-011
  1.6177919e-007
  1.2985104e-004
  2.6932763e-007
  5.3133447e-006
  2.7980658e-003
  2.3800383e-002
  8.3241614e-005
  2.7503163e-009
  2.2453552e+000
  3.0601351e+000
  6.0758793e-005
  1.6971798e-005
  1.8079514e-006
  1.8147035e-011
  2.0518220e-016
  1.1829363e-012
  5.4533723e-004
  1.1119017e-006
  3.0261471e-006
  5.8893548e-005
  1.6454393e+001
  2.2738800e+001
  2.9735723e+002
  9.5526927e+001
  1.0009365e+001
  3.1616732e-004
  0.0000000e+000
  2.4735653e-002
  3.8271313e+000
  2.7604337e-002
  1.4599596e-017
  3.9566281e-004
  5.7373562e-002
  6.5431084e-004
  5.7973874e-002
  5.1969307e-002
  0.0000000e+000
  4.1595745e-002
  3.6000000e-002
  0.0000000e+000
  4.8650033e-001
  7.1607895e-002
  8.2594832e-003
  3.1733855e-003
  2.7816293e-001
  8.0632712e-003
  9.1322374e-006
  8.8194586e-001
  6.9489768e-004
  8.1991492e-004
  3.2937557e-003
  2.1880411e-001
  1.5319292e-003
  1.5319292e-003
  1.8335882e-003
  4.0542029e-003
