  1.3763599e-003
  9.8706906e-001
  9.9178001e-001
  7.0264142e-006
  1.0006770e+000
  3.1662724e-002
  1.5070210e-002
  4.0179112e-003
  9.8425019e-001
  4.0178041e-003
  9.9461791e-001
  8.4997556e-003
  6.2309452e-003
  8.2136032e-001
  2.5999554e-006
  5.6546068e-007
  3.5610932e+000
  7.7685425e-001
  7.5218704e-003
  1.1707949e-001
  1.0745266e-002
  2.5328101e-004
  1.8503325e-003
  1.3762844e-001
  1.8258858e-003
  9.4716780e-003
  9.7022576e-003
  8.5425257e-002
  1.1265052e-001
  1.0341415e+000
  4.0351098e-001
  8.8902818e+000
  8.8886873e+000
  8.8890806e+000
  1.3500000e+002
  2.2479286e-004
  1.0464257e-004
  7.1553663e-005
 -8.5693445e+001
  2.3891265e-001
  0.0000000e+000
  0.0000000e+000
  2.0105690e+004
 -1.4808811e+004
 -1.7155772e+005
  1.6625038e+005
  2.6376119e-001
  1.0505728e-001
  1.9190412e-003
  4.1517773e-005
  3.0335421e-001
  5.6564909e-001
  1.0133581e-002
  7.0125806e-005
  8.6199183e-008
  1.4727892e-004
  2.6384616e-006
  1.8246494e-008
  2.1700214e-011
  9.4921054e-001
  2.1152995e-005
  5.7622154e-005
  4.4475817e-004
  3.8947732e-005
  5.0224859e-002
  9.4919658e-001
  2.1156326e-005
  5.7336933e-005
  4.4263510e-004
  3.8945921e-005
  5.0222179e-002
  9.4932556e-001
  2.1154161e-005
  3.9770980e-005
  3.0636244e-004
  3.8980364e-005
  5.0266056e-002
  9.4932045e-001
  2.1156586e-005
  3.8379578e-005
  2.9570063e-004
  3.8979042e-005
  5.0264168e-002
  2.8219374e+002
  5.9339681e+000
  2.4544428e-003
  0.0000000e+000
  0.0000000e+000
  0.0000000e+000
  5.2366119e-001
  3.5880632e-002
  8.7223666e-006
  3.3299585e-009
  2.7936442e-009
  1.4742609e-004
  3.5451258e-003
  1.3054424e-002
  3.6007152e+000
  4.2825115e-002
  4.5660200e-005
  1.0336945e-008
  2.2187070e+000
  1.3307621e+001
  2.5375193e-004
  9.2649248e-006
  1.1342669e-005
  1.9053232e-007
  2.0564262e-012
  1.2311305e-008
  4.1226110e-004
  1.5127369e-006
  5.2037584e-006
  1.8621560e-003
  4.2931915e-002
  2.6309181e-005
  2.6156961e-010
  4.1760989e+000
  1.0904520e+000
  9.7197550e-006
  5.2717763e-006
  3.7795900e-008
  3.6760144e-013
  3.8777985e-018
  2.4177803e-014
  1.1084271e-004
  4.0746381e-007
  1.4856136e-007
  2.0142797e-006
  1.6454393e+001
  1.5951183e+001
  2.9735723e+002
  2.0983898e+002
  4.7352098e-001
  0.0000000e+000
  2.4737231e-002
  3.8271311e+000
  2.7606098e-002
  1.4010269e-017
  3.9390069e-004
  5.7377231e-002
  6.5431127e-004
  5.7977542e-002
  5.1972667e-002
  0.0000000e+000
  4.1595436e-002
  3.6000000e-002
  0.0000000e+000
  4.8651102e-001
  7.1612696e-002
  8.2604752e-003
  3.1737633e-003
  2.7819797e-001
  8.0642270e-003
  9.1333298e-006
  8.8194491e-001
  6.9497852e-004
  8.2000990e-004
  3.2941420e-003
  2.1883182e-001
  1.5319292e-003
  1.5319292e-003
  1.8337927e-003
  4.0546134e-003
