  1.4062909e-003
  9.8669226e-001
  9.9155710e-001
  7.1789714e-006
  1.0006813e+000
  2.4238988e-002
  1.4883893e-002
  4.0523233e-003
  9.9450326e-001
  4.0523188e-003
  9.9454959e-001
  8.6445983e-003
  5.4136017e-003
  9.0907870e-001
  6.0930307e-007
  6.0938862e-008
  3.2831002e+000
  7.1639316e-001
  9.0886229e-003
  1.1354809e-001
  1.2484992e-002
  2.5328101e-004
  1.5769844e-003
  1.3791582e-001
  2.2181560e-003
  7.3384001e-003
  9.7965707e-003
  7.2937702e-002
  1.1304460e-001
  1.2834571e+000
  5.8893180e-001
  7.6656659e+000
  7.6652864e+000
  7.6655067e+000
  1.3500000e+002
  1.7351153e-004
  1.0568382e-004
  8.9428780e-005
 -8.5564219e+001
  4.0805241e-001
  0.0000000e+000
  0.0000000e+000
  2.1874568e+004
 -1.5121251e+004
 -1.7591292e+005
  1.6917128e+005
  2.8559977e-001
  1.0505728e-001
  1.9190412e-003
  4.1517773e-005
  3.0335421e-001
  5.6564909e-001
  1.0133581e-002
  7.0125806e-005
  8.6199183e-008
  1.4727892e-004
  2.6384616e-006
  1.8246494e-008
  2.1700214e-011
  9.4906940e-001
  2.1487622e-005
  2.1781687e-006
  1.7175785e-005
  3.9618559e-005
  5.0847987e-002
  9.4905105e-001
  2.1487214e-005
  2.1780279e-006
  1.7174728e-005
  3.9617791e-005
  5.0847004e-002
  9.4908362e-001
  2.1487942e-005
  4.9137192e-007
  3.8748709e-006
  3.9619161e-005
  5.0848760e-002
  3.9906618e+002
  2.7728445e+000
  1.9942450e-004
  0.0000000e+000
  0.0000000e+000
  0.0000000e+000
  3.5557139e-001
  3.8972408e-003
  6.9058786e-008
  1.1835328e-011
  2.0815117e-011
  4.4429532e-004
  1.5139312e-002
  1.9721115e-002
  3.5818869e+000
  5.0031045e-002
  5.1923242e-005
  2.3389670e-009
  2.6823053e+000
  5.7897763e+000
  1.1251923e-004
  1.0385505e-005
  7.2937456e-008
  2.8658360e-008
  3.1310752e-013
  1.9967379e-009
  3.0362711e-004
  1.3010025e-006
  1.0793625e-006
  5.2789745e-004
  5.0051092e-002
  4.2272963e-005
  5.9060506e-010
  4.7639598e+000
  7.3633154e-001
  1.0245257e-005
  8.4546177e-006
  1.7734714e-008
  7.3825454e-014
  7.9660795e-019
  5.1374775e-015
  6.3459464e-005
  2.7171990e-007
  4.4446009e-008
  3.4531062e-007
  1.6454393e+001
  4.1209561e+000
  2.9735723e+002
  6.2957776e+001
  3.6883465e-001
