  6.8160435e-004
  9.9494047e-001
  9.9644820e-001
  3.4974429e-006
  1.0005497e+000
  2.1106953e-002
  1.2837634e-002
  3.0424149e-003
  9.9645295e-001
  3.0424149e-003
  9.9645295e-001
  4.8813185e-003
  4.1856152e-003
  8.9982780e-001
  4.6322030e-007
  5.1567156e-008
  2.7264848e+000
  5.9484951e-001
  7.7302632e-003
  1.0409434e-001
  1.7016903e-002
  2.5328101e-004
  1.1214585e-003
  1.3837616e-001
  1.8866803e-003
  6.3943779e-003
  8.4477919e-003
  6.6601418e-002
  1.0100589e-001
  1.1515310e+000
  4.8337752e-001
  5.6396274e+000
  5.6375831e+000
  5.6375830e+000
  1.3500000e+002
  1.5093444e-004
  9.1032074e-005
  7.4409018e-005
 -8.9880850e+001
  9.9645295e-001
  0.0000000e+000
  0.0000000e+000
  1.7727392e+004
 -1.5613181e+004
 -1.7896570e+005
  1.7684211e+005
  4.0621691e+002
  9.5695847e-001
  3.8349663e-005
  0.0000000e+000
  0.0000000e+000
  0.0000000e+000
  1.6049234e-001
  9.5352704e-004
  3.4638676e-009
  2.3487809e-013
  1.0965839e-012
  2.9646804e-002
  1.0297667e+000
  3.9969951e-001
  1.5077020e+000
  5.6871052e-002
  3.9344682e-005
  5.6073898e-010
  5.2580250e+000
  4.5054648e-001
  6.4950189e-006
  7.8688737e-006
  1.6854537e-008
  1.7206664e-016
  1.8430807e-021
  1.1199592e-017
  4.8905465e-005
  2.3782108e-007
  2.7251475e-008
  3.7381047e-008
  5.6877414e-002
  3.2821228e-005
  3.1635274e-010
  5.2912345e+000
  3.0293368e-001
  2.9177673e-006
  6.5642024e-006
  9.4391872e-009
  5.3967486e-017
  5.7349190e-022
  3.5126954e-018
  3.2854305e-005
  1.5978469e-007
  1.5206174e-008
  1.3938432e-008
