  1.3254429e-003
  9.7469798e-001
  9.8067298e-001
  6.7668097e-006
  9.9981185e-001
  6.0826382e-002
  2.6194514e-002
  3.9586336e-003
  9.9473622e-001
  3.9580515e-003
  9.9457933e-001
  8.2559510e-003
  2.7003193e-002
  6.6070182e-001
  1.0967585e-005
  5.6320406e-006
  4.0498503e+000
  8.8319586e-001
  7.7613287e-003
  1.2579195e-001
  6.5978892e-003
  2.5328101e-004
  3.1632746e-003
  1.3628613e-001
  1.7714010e-003
  1.6666878e-002
  1.3267879e-002
  1.1387259e-001
  1.4293947e-001
  1.0287266e+000
  4.0009887e-001
  1.1519051e+001
  1.1512025e+001
  1.1512717e+001
  1.3500000e+002
  4.0085331e-004
  1.4342848e-004
  6.7585058e-005
 -8.5917418e+001
  3.0908855e-001
  0.0000000e+000
  0.0000000e+000
  2.8032051e+004
 -1.5127957e+004
 -1.7947736e+005
  1.6657106e+005
  2.1953033e-001
  1.0505728e-001
  1.9190412e-003
  4.1517773e-005
  3.0335421e-001
  5.6564909e-001
  1.0133581e-002
  7.0125806e-005
  8.6199183e-008
  1.4727892e-004
  2.6384616e-006
  1.8246494e-008
  2.1700214e-011
  9.1732574e-001
  2.0302097e-005
  4.1323060e-003
  3.2080222e-002
  3.5671494e-005
  4.6403723e-002
  9.1766151e-001
  2.0587229e-005
  4.1237985e-003
  3.2019938e-002
  3.5461823e-005
  4.6117096e-002
  9.2092043e-001
  2.0319540e-005
  3.5139224e-003
  2.7275038e-002
  3.7109226e-005
  4.8231145e-002
  2.6099712e+002
  3.0152951e+001
  6.9892925e-002
  0.0000000e+000
  0.0000000e+000
  0.0000000e+000
  6.4869120e-001
  2.4332725e-001
  5.3466478e-004
  2.9573982e-007
  4.9285403e-008
  1.8017369e-005
  3.9914232e-004
  6.7569683e-003
  3.6103315e+000
  2.9853632e-002
  1.9259925e-004
  1.0577968e-006
  7.9705396e-001
  1.5024031e+001
  5.4011013e-004
  4.3661693e-005
  4.3505863e-004
  2.3093908e-006
  2.8882096e-011
  1.3592180e-007
  1.2059889e-004
  3.0891651e-007
  5.7154856e-006
  2.8112489e-003
  2.9551626e-002
  7.8443405e-005
  4.1803705e-009
  2.8108062e+000
  2.4831133e+000
  1.9859018e-005
  1.6014208e-005
  1.1036449e-006
  6.5019432e-012
  7.3047506e-017
  4.1970409e-013
  3.8176151e-004
  9.6648592e-007
  1.9571753e-006
  3.6324210e-005
  1.6454393e+001
  2.7259883e+001
  2.9735723e+002
  3.3996597e+002
  2.7954228e+001
