  1.3745508e-003
  9.8709218e-001
  9.9179339e-001
  7.0169780e-006
  1.0006767e+000
  3.4875140e-002
  1.5346020e-002
  4.0158019e-003
  9.8396445e-001
  4.0156580e-003
  9.9462183e-001
  8.4911222e-003
  6.2897718e-003
  8.0628469e-001
  3.4906667e-006
  8.3863732e-007
  3.6016872e+000
  7.8562231e-001
  7.2458243e-003
  1.1719906e-001
  1.0681177e-002
  2.5328101e-004
  1.8492296e-003
  1.3762827e-001
  1.7589898e-003
  1.0396295e-002
  9.8646568e-003
  9.0117223e-002
  1.1408804e-001
  1.0348586e+000
  4.0396468e-001
  9.0832910e+000
  9.0802752e+000
  9.0806814e+000
  1.3500000e+002
  2.4714397e-004
  1.0640692e-004
  6.8636339e-005
 -8.5699508e+001
  2.3358724e-001
  0.0000000e+000
  0.0000000e+000
  2.3765519e+004
 -1.4962455e+004
 -1.7545944e+005
  1.6664590e+005
  2.6275517e-001
  1.0505728e-001
  1.9190412e-003
  4.1517773e-005
  3.0335421e-001
  5.6564909e-001
  1.0133581e-002
  7.0125806e-005
  8.6199183e-008
  1.4727892e-004
  2.6384616e-006
  1.8246494e-008
  2.1700214e-011
  9.4919868e-001
  2.1131844e-005
  6.2768024e-005
  4.8486168e-004
  3.8910510e-005
  5.0191534e-002
  9.4918424e-001
  2.1135471e-005
  6.2583475e-005
  4.8351864e-004
  3.8908396e-005
  5.0188461e-002
  9.4932541e-001
  2.1133289e-005
  4.3631269e-005
  3.3618912e-004
  3.8942997e-005
  5.0232575e-002
  9.4932044e-001
  2.1136020e-005
  4.2245306e-005
  3.2557152e-004
  3.8941551e-005
  5.0230518e-002
  2.6732546e+002
  1.5388223e+001
  7.3971855e-003
  0.0000000e+000
  0.0000000e+000
  0.0000000e+000
  7.1483312e-001
  5.3050021e-002
  1.8213613e-005
  9.0627020e-009
  2.9570392e-009
  7.0633610e-005
  1.6094971e-003
  1.4799330e-002
  3.6010043e+000
  4.2630673e-002
  4.8892654e-005
  4.1344905e-008
  2.0801900e+000
  1.3614677e+001
  2.6845539e-004
  9.9584464e-006
  1.4837281e-005
  2.6112915e-007
  2.8322415e-012
  1.7155804e-008
  3.5599308e-004
  1.3003987e-006
  5.3536187e-006
  2.0516762e-003
  4.2511291e-002
  2.5102477e-005
  3.3769737e-010
  4.1013812e+000
  1.1414910e+000
  9.3617800e-006
  5.0325903e-006
  4.5143270e-008
  4.6874274e-013
  4.9407006e-018
  3.1493875e-014
  1.1602186e-004
  4.2235053e-007
  1.6966822e-007
  1.9820419e-006
  1.6454393e+001
  2.5381826e+001
  2.9735723e+002
  2.3431520e+002
  4.8140508e+000
  5.4528392e-126
  2.4739237e-002
  3.8271309e+000
  2.7608337e-002
  1.2043357e-017
  3.9166305e-004
  5.7381893e-002
  6.5431179e-004
  5.7982207e-002
  5.1976936e-002
  0.0000000e+000
  4.1595043e-002
  3.6000000e-002
  0.0000000e+000
  4.8652460e-001
  7.1618800e-002
  8.2617363e-003
  3.1742434e-003
  2.7824251e-001
  8.0654421e-003
  9.1347185e-006
  8.8194369e-001
  6.9508128e-004
  8.2013063e-004
  3.2946331e-003
  2.1886704e-001
  1.5319292e-003
  1.5319292e-003
  1.8340525e-003
