  1.4387478e-003
  9.8627996e-001
  9.9131170e-001
  7.3445643e-006
  1.0006860e+000
  2.2302205e-002
  1.4110325e-002
  4.0893007e-003
  9.9447494e-001
  4.0893001e-003
  9.9447496e-001
  8.8023069e-003
  5.4572253e-003
  9.1189944e-001
  4.2781425e-007
  4.1331830e-008
  2.8895533e+000
  6.3045979e-001
  8.7507555e-003
  1.0862508e-001
  1.4860211e-002
  2.5328101e-004
  1.3051115e-003
  1.3819272e-001
  2.1356063e-003
  6.7588319e-003
  9.2889745e-003
  6.9111878e-002
  1.0860871e-001
  1.2561349e+000
  5.6548750e-001
  6.1835325e+000
  6.1817496e+000
  6.1817926e+000
  1.3500000e+002
  1.5964243e-004
  1.0016619e-004
  8.5623710e-005
 -8.5428123e+001
  7.9994348e-001
  0.0000000e+000
  0.0000000e+000
  1.8825544e+004
 -1.4920074e+004
 -1.7200958e+005
  1.6810903e+005
  2.8633186e-001
  1.0505728e-001
  1.9190412e-003
  4.1517773e-005
  3.0335421e-001
  5.6564909e-001
  1.0133581e-002
  7.0125806e-005
  8.6199183e-008
  1.4727892e-004
  2.6384616e-006
  1.8246494e-008
  2.1700214e-011
  9.4848672e-001
  2.1844868e-005
  1.7074704e-006
  1.3400491e-005
  4.0276557e-005
  5.1433867e-002
  9.4846807e-001
  2.1844440e-005
  1.7074354e-006
  1.3400218e-005
  4.0275765e-005
  5.1432856e-002
  9.4849751e-001
  2.1845117e-005
  4.2182228e-007
  3.3105330e-006
  4.0277016e-005
  5.1434453e-002
  4.0935590e+002
  1.1204336e+000
  5.1039542e-005
  0.0000000e+000
  0.0000000e+000
  0.0000000e+000
  1.8284744e-001
  1.2286105e-003
  5.7714745e-009
  4.3992739e-013
  1.7864515e-012
  2.5523877e-003
  8.9321071e-002
  4.2994502e-002
  3.4741714e+000
  5.5001728e-002
  4.8712818e-005
  8.8344302e-010
  5.7781485e+000
  1.6313472e+000
  2.8477358e-005
  9.7426375e-006
  2.5824198e-008
  1.9005119e-010
  2.1049405e-015
  1.7042552e-011
  5.9439151e-005
  2.7955187e-007
  6.0650788e-008
  1.6286648e-005
  5.4834314e-002
  4.1921368e-005
  5.3509768e-010
  5.1062925e+000
  4.3208088e-001
  5.5108604e-006
  8.3843360e-006
  1.5997969e-008
  1.6045748e-015
  1.7539734e-020
  1.3956299e-016
  4.3639793e-005
  2.0461750e-007
  2.5911309e-008
  4.8530519e-008
  1.6454393e+001
  3.9895123e-002
  2.9735723e+002
  5.7496100e+001
  1.8405541e-002
