  1.7414360e-002
  6.8879541e-001
  7.0116276e-001
  9.5549919e-005
  1.0014207e+000
  2.7793606e-002
  1.6536699e-002
  1.1329254e-002
  9.7475258e-001
  1.1329254e-002
  9.7475258e-001
  6.4689503e-002
  1.3606486e-002
  8.8366336e-001
  8.9652645e-007
  1.1802908e-007
  2.6491494e+000
  5.7795416e-001
  9.8087459e-003
  1.1086754e-001
  1.3806852e-002
  2.5328101e-004
  1.4684517e-003
  1.3803042e-001
  2.3940359e-003
  8.4464312e-003
  1.0900679e-002
  7.9619820e-002
  1.2226029e-001
  1.2134411e+000
  5.3057882e-001
  5.3933836e+000
  5.3911329e+000
  5.3911329e+000
  1.3500000e+002
  2.0011722e-004
  1.1770332e-004
  9.7676123e-005
 -7.0034597e+001
  9.7475258e-001
  0.0000000e+000
  0.0000000e+000
  3.9433495e+004
 -1.8872257e+004
 -2.8501678e+005
  2.6445939e+005
  3.1160391e-002
  4.8344520e-001
  4.5847806e-002
  1.9117381e-003
  2.5907023e-002
  4.0265102e-001
  3.8185643e-002
  1.5922452e-003
  1.5005514e-005
  1.9920630e-004
  1.8891845e-005
  7.8774238e-007
  7.4237808e-009
  9.3380479e-001
  1.4733340e-004
  9.0885938e-018
  3.4791135e-018
  2.7164596e-004
  6.5761493e-002
  9.3380479e-001
  1.4733340e-004
  3.6472006e-029
  1.3961483e-029
  2.7164596e-004
  6.5761493e-002
  3.9203496e+002
  1.6234974e+000
  1.1387023e-004
  0.0000000e+000
  0.0000000e+000
  0.0000000e+000
  2.4448707e-001
  2.5489939e-003
  2.4758799e-008
  2.4407699e-012
  7.0702832e-012
  1.6341535e-002
  5.4779817e-001
  3.7336626e-001
  2.4759728e+000
  5.4757089e-002
  6.4212658e-005
  1.5311569e-009
  5.0451348e+000
  7.2273474e-001
  1.7418401e-005
  1.2842364e-005
  4.6001291e-008
  1.2817613e-015
  1.4144110e-020
  8.3427675e-017
  8.0866564e-005
  3.7862587e-007
  7.3493652e-008
  1.6857929e-007
  5.4766885e-002
  5.4417019e-005
  9.0382495e-010
  5.0942305e+000
  5.0256891e-001
  8.3411204e-006
  1.0883285e-005
  2.6967530e-008
  4.4050339e-016
  4.8048147e-021
  2.8671909e-017
  5.6164913e-005
  2.6301843e-007
  4.3089257e-008
  6.8071542e-008
