  1.3234690e-003
  9.7474236e-001
  9.8068154e-001
  6.7763981e-006
  9.9981809e-001
  6.0611595e-002
  2.7978314e-002
  3.9567932e-003
  9.9473898e-001
  3.9558002e-003
  9.9454828e-001
  8.2525531e-003
  4.2405309e-002
  7.4825949e-001
  3.7376337e-006
  1.2574450e-006
  4.2356318e+000
  9.2401961e-001
  4.5935616e-003
  1.3492946e-001
  2.1992975e-003
  2.5328101e-004
  7.6979489e-003
  1.3163813e-001
  1.4273887e-003
  1.3169163e-002
  1.2726928e-002
  1.0244503e-001
  1.4145618e-001
  1.4556528e+000
  7.6038009e-001
  1.2722564e+001
  1.2725351e+001
  1.2726337e+001
  1.3500000e+002
  3.1455280e-004
  1.3740809e-004
  5.2521890e-005
 -8.5927199e+001
  2.9714357e-001
  0.0000000e+000
  0.0000000e+000
  3.5485741e+004
 -1.5410194e+004
 -1.8696750e+005
  1.6693803e+005
  2.0908458e-001
  1.0505728e-001
  1.9190412e-003
  4.1517773e-005
  3.0335421e-001
  5.6564909e-001
  1.0133581e-002
  7.0125806e-005
  8.6199183e-008
  1.4727892e-004
  2.6384616e-006
  1.8246494e-008
  2.1700214e-011
  9.1257036e-001
  2.0238906e-005
  4.6940651e-003
  3.6448386e-002
  3.5529728e-005
  4.6229388e-002
  9.1290710e-001
  2.0564265e-005
  4.6885695e-003
  3.6412281e-002
  3.5299515e-005
  4.5914446e-002
  9.1401236e-001
  2.0242770e-005
  4.4105579e-003
  3.4244698e-002
  3.6351905e-005
  4.7273752e-002
  9.1448461e-001
  2.0553976e-005
  4.4125971e-003
  3.4266724e-002
  3.5960408e-005
  4.6757890e-002
  2.4224202e+002
  2.9672933e+001
  7.0948021e-002
  0.0000000e+000
  0.0000000e+000
  0.0000000e+000
  6.4200830e-001
  2.4935615e-001
  5.8391278e-004
  3.2297101e-007
  5.4684249e-008
  1.8053837e-005
  3.7110626e-004
  6.6344385e-003
  3.6104824e+000
  5.9596435e-003
  2.0183308e-004
  1.1230343e-006
  6.2504566e-001
  1.5296093e+001
  5.0686261e-004
  4.5906683e-005
  4.6168750e-004
  3.0637899e-006
  3.9607634e-011
  2.0305626e-007
  1.4071452e-004
  7.2220957e-008
  3.9338544e-006
  2.7921053e-003
  5.2989246e-003
  1.1110939e-004
  6.9513116e-008
  4.2738715e-001
  4.9040390e+000
  2.3742315e-005
  2.2995009e-005
  2.7062042e-005
  3.8998571e-009
  4.4901578e-014
  2.2524820e-010
  1.3951730e-003
  6.3425962e-007
  1.1058978e-005
  6.8469862e-004
  1.6454393e+001
  2.7286219e+001
  2.9735723e+002
  5.7371503e+001
  1.9119332e+001
  5.0197020e-004
 -6.2226008e-003
 -9.5517033e-001
  2.9294231e+000
 -3.3738583e-002
  6.2225672e-002
 -4.8708887e-004
  1.8013559e+001
  6.6113474e-004
  1.8014166e+001
  1.7967582e+001
  0.0000000e+000
  1.0235424e-003
  3.6000000e-002
  0.0000000e+000
  8.4198903e+000
  6.4341891e+000
  5.3864113e-001
  1.2251169e-001
  3.3889179e+001
  2.1646950e-001
  3.2076624e-004
  6.7385126e-001
  1.3407217e-002
  1.4479411e-002
  7.1829966e-002
  6.4098372e+001
  1.5319292e-003
  1.5319292e-003
  1.8979254e-002
  2.2166756e-002
