  7.0055887e-004
  9.9475213e-001
  9.9633392e-001
  3.5934681e-006
  1.0005541e+000
  2.4839396e-002
  1.5476383e-002
  3.0754546e-003
  9.9639504e-001
  3.0754546e-003
  9.9639504e-001
  4.9877109e-003
  4.2263731e-003
  8.8843062e-001
  6.6840896e-007
  8.3938420e-008
  2.7620472e+000
  6.0262826e-001
  9.3113991e-003
  1.0945278e-001
  1.4477356e-002
  2.5328101e-004
  1.3834195e-003
  1.3811514e-001
  2.2726312e-003
  7.5382396e-003
  1.0196710e-002
  7.4176574e-002
  1.1643465e-001
  1.1770352e+000
  5.0235754e-001
  5.7555295e+000
  5.7537276e+000
  5.7537276e+000
  1.3500000e+002
  1.7830475e-004
  1.1003766e-004
  9.1963635e-005
 -8.9718335e+001
  9.9639504e-001
  0.0000000e+000
  0.0000000e+000
  1.7532323e+004
 -1.4960014e+004
 -1.7737807e+005
  1.7480444e+005
  3.9636316e+002
  1.3031034e+000
  7.2696102e-005
  0.0000000e+000
  0.0000000e+000
  0.0000000e+000
  2.0638676e-001
  1.7095307e-003
  1.1134962e-008
  9.4179997e-013
  3.3370665e-012
  2.1849457e-002
  7.4051949e-001
  4.0089942e-001
  2.1106145e+000
  5.5333948e-002
  5.7080915e-005
  1.1899134e-009
  5.1081395e+000
  6.3955734e-001
  1.3470997e-005
  1.1416051e-005
  3.5743194e-008
  7.7359751e-016
 -1.5737360e-019
  5.0754364e-017
  7.0920010e-005
  3.3555348e-007
  5.7293925e-008
  1.1521496e-007
  5.5341786e-002
  4.8727797e-005
  7.1739822e-010
  5.1473577e+000
  4.5014940e-001
  6.6227847e-006
  9.7454643e-006
  2.1405754e-008
  2.7754134e-016
  3.0066357e-021
  1.8064943e-017
  4.9894524e-005
  2.3610717e-007
  3.4279234e-008
  4.8004847e-008
