  3.5163157e-003
  9.5492318e-001
  9.7012755e-001
  7.0183977e-006
  1.0006767e+000
  2.7168607e-002
  1.6167249e-002
  5.8527951e-003
  8.0258517e-001
  5.8527894e-003
  9.8997284e-001
  1.7931919e-002
  3.6849978e-002
  7.8719108e-001
  7.2723547e-007
  1.9659969e-007
  3.8179798e+000
  8.3291417e-001
  1.1779315e-002
  1.2454038e-001
  7.2475142e-003
  2.5328101e-004
  3.0054919e-003
  1.3646788e-001
  2.7906615e-003
  8.9470693e-003
  1.3416501e-002
  8.2943983e-002
  1.4391563e-001
  1.3057030e+000
  6.0869999e-001
  1.0181568e+001
  1.0185383e+001
  1.0186043e+001
  1.3500000e+002
  2.1209195e-004
  1.4505738e-004
  1.1548450e-004
 -8.0024507e+001
  1.4095475e-001
  0.0000000e+000
  0.0000000e+000
  2.8487955e+004
 -1.5586800e+004
 -1.8488287e+005
  1.7200810e+005
  9.8393302e-002
  1.0505728e-001
  1.9190412e-003
  4.1517773e-005
  3.0335421e-001
  5.6564909e-001
  1.0133581e-002
  7.0125806e-005
  8.6199183e-008
  1.4727892e-004
  2.6384616e-006
  1.8246494e-008
  2.1700214e-011
  8.2796616e-001
  3.9012071e-005
  1.4773567e-002
  9.3105508e-002
  6.1028530e-005
  6.4050790e-002
  8.2933403e-001
  4.0005703e-005
  1.4504509e-002
  9.1425856e-002
  6.1618582e-005
  6.4590439e-002
  8.5321747e-001
  3.9540175e-005
  8.6099459e-003
  5.4261097e-002
  8.0162634e-005
  8.3787807e-002
  8.5503541e-001
  4.0201067e-005
  8.6460662e-003
  5.4498256e-002
  7.8099800e-005
  8.1659634e-002
  3.4305607e+002
  7.4594111e+000
  6.0367678e-004
  0.0000000e+000
  0.0000000e+000
  0.0000000e+000
  5.3346110e-001
  1.1220705e-001
  1.5957168e-004
  9.0006376e-008
  5.9755778e-008
  4.7406820e-005
  1.3729152e-003
  6.5877708e-003
  3.6094955e+000
  3.8719186e-002
  1.1028790e-004
  1.0393082e-008
  5.9538082e-001
  6.8654715e+000
  2.5240958e-004
  2.3739111e-005
  1.3708799e-004
  2.7083354e-007
  3.1591965e-012
  1.7756264e-008
  2.8609724e-004
  9.4958723e-007
  8.3632459e-006
  2.5085223e-003
  3.8912078e-002
  9.1410879e-005
  2.2029046e-009
  3.7298684e+000
  2.0135802e+000
  4.6887744e-005
  1.8505311e-005
  5.0182124e-007
  9.9483836e-013
  1.1396315e-017
  6.7438808e-014
  2.5703350e-004
  8.5641155e-007
  9.8422777e-007
  1.9506461e-005
  1.6454393e+001
  4.6872079e-039
  2.9735723e+002
  5.7371503e+001
  1.5079140e-016
  1.9216317e-005
  0.0000000e+000
  2.4755112e-002
  3.8271291e+000
  2.7626052e-002
  7.7679247e-011
  3.7394612e-004
  5.7418793e-002
  6.5431612e-004
  5.8019109e-002
  5.2010726e-002
  0.0000000e+000
  4.1591933e-002
  3.6000000e-002
  0.0000000e+000
  4.8663215e-001
  7.1667108e-002
  8.2717199e-003
  3.1780448e-003
  2.7859512e-001
  8.0750612e-003
  9.1457124e-006
  8.8193408e-001
  6.9589474e-004
  8.2108639e-004
  3.2985209e-003
  2.1914587e-001
  1.5319292e-003
  1.5319292e-003
  1.8361095e-003
  4.0592651e-003
