  1.4036954e-003
  9.8672522e-001
  9.9157677e-001
  7.1656992e-006
  1.0006809e+000
  2.3137175e-002
  9.8939832e-003
  4.0493270e-003
  9.8507679e-001
  4.0493312e-003
  9.9455566e-001
  8.6318331e-003
  1.3568166e-002
  9.1575284e-001
  1.0390416e-006
  9.5588154e-008
  3.6059194e+000
  7.8684569e-001
  2.8233852e-003
  1.2192108e-001
  8.3412244e-003
  2.5328101e-004
  2.0150219e-003
  1.3744285e-001
  9.5766020e-004
  6.9762731e-003
  6.3378255e-003
  7.0584881e-002
  8.0670402e-002
  1.3737145e+000
  6.7324475e-001
  9.1021280e+000
  9.1051798e+000
  9.1056916e+000
  1.3500000e+002
  1.6484181e-004
  6.8167800e-005
  3.5598244e-005
 -8.5574940e+001
  2.5357643e-001
  0.0000000e+000
  0.0000000e+000
  2.1554593e+004
 -1.4875953e+004
 -1.7312013e+005
  1.6646306e+005
  2.6269059e-001
  1.0505728e-001
  1.9190412e-003
  4.1517773e-005
  3.0335421e-001
  5.6564909e-001
  1.0133581e-002
  7.0125806e-005
  8.6199183e-008
  1.4727892e-004
  2.6384616e-006
  1.8246494e-008
  2.1700214e-011
  9.4879234e-001
  2.1456533e-005
  5.0003551e-005
  3.8387129e-004
  3.9494110e-005
  5.0710693e-002
  9.4877760e-001
  2.1459383e-005
  4.9726219e-005
  3.8181077e-004
  3.9492650e-005
  5.0708440e-002
  9.4883763e-001
  2.1457010e-005
  4.2914086e-005
  3.2912339e-004
  3.9507257e-005
  5.0727220e-002
  9.4882712e-001
  2.1459506e-005
  4.2108565e-005
  3.2300421e-004
  3.9506028e-005
  5.0725328e-002
  3.8028902e+002
  1.1414201e+000
  6.3387522e-005
  0.0000000e+000
  0.0000000e+000
  0.0000000e+000
  1.8433160e-001
  9.7431915e-003
  1.2227280e-006
  3.0163567e-010
  1.2819699e-009
  2.6801542e-004
  8.6863658e-003
  7.8648250e-003
  3.6006144e+000
  2.5992632e-002
  1.9868112e-005
  6.7771618e-009
  1.3973155e+000
  1.4119755e+001
  1.1423654e-004
  4.6750046e-006
  6.7053961e-005
  9.0331714e-006
  9.4278540e-011
  5.3269215e-007
  1.5978614e-004
  3.5618069e-007
  4.2468423e-006
  2.6124128e-003
  2.5437036e-002
  8.7859072e-006
  6.5707469e-011
  2.3730339e+000
  2.9322926e+000
  6.4653140e-006
  1.7652471e-006
  3.7221458e-007
  1.1418835e-010
  1.1773000e-015
  6.9871850e-012
  3.9656296e-004
  8.6421461e-007
  1.1004950e-006
  1.5682630e-005
  1.6454393e+001
  3.5014747e-126
  2.9735723e+002
  5.7371503e+001
  1.3639332e-047
 -6.1685366e-003
 -9.6323691e-001
  2.9302096e+000
 -4.2598258e-002
  7.1818943e-002
 -1.2206861e-003
  1.7997742e+001
  6.6113473e-004
  1.7998349e+001
  1.7951766e+001
  0.0000000e+000
  1.0244246e-003
  3.6000000e-002
  0.0000000e+000
  9.3508318e+000
  7.3412398e+000
  5.5115795e-001
  1.2379912e-001
  3.4012254e+001
  2.1800822e-001
  3.2378314e-004
  6.7231556e-001
  1.3474966e-002
  1.4545847e-002
  7.2215872e-002
  6.4274478e+001
  1.5319292e-003
  1.5319292e-003
  1.9028702e-002
  2.2193408e-002
