  1.4061696e-003
  9.8669381e-001
  9.9155802e-001
  7.1783476e-006
  1.0006813e+000
  2.4250810e-002
  1.4905267e-002
  4.0521833e-003
  9.9450354e-001
  4.0521785e-003
  9.9454987e-001
  8.6440049e-003
  5.4134378e-003
  9.0897797e-001
  6.0940398e-007
  6.1023240e-008
  3.2846085e+000
  7.1672265e-001
  9.1056789e-003
  1.1359713e-001
  1.2461725e-002
  2.5328101e-004
  1.5808312e-003
  1.3791196e-001
  2.2222626e-003
  7.3418910e-003
  9.8102482e-003
  7.2960168e-002
  1.1316341e-001
  1.2831216e+000
  5.8863844e-001
  7.6718749e+000
  7.6715015e+000
  7.6717224e+000
  1.3500000e+002
  1.7359515e-004
  1.0583252e-004
  8.9617823e-005
 -8.5564680e+001
  4.0809094e-001
  0.0000000e+000
  0.0000000e+000
  2.2121510e+004
 -1.5136188e+004
 -1.7621203e+005
  1.6923842e+005
  2.8561551e-001
  1.0505728e-001
  1.9190412e-003
  4.1517773e-005
  3.0335421e-001
  5.6564909e-001
  1.0133581e-002
  7.0125806e-005
  8.6199183e-008
  1.4727892e-004
  2.6384616e-006
  1.8246494e-008
  2.1700214e-011
  9.4907157e-001
  2.1486271e-005
  2.1813294e-006
  1.7201005e-005
  3.9616099e-005
  5.0845800e-002
  9.4905321e-001
  2.1485863e-005
  2.1811884e-006
  1.7199947e-005
  3.9615331e-005
  5.0844817e-002
  9.4908579e-001
  2.1486591e-005
  4.9349705e-007
  3.8916867e-006
  3.9616702e-005
  5.0846574e-002
  3.9967189e+002
  2.7753058e+000
  1.9973122e-004
  0.0000000e+000
  0.0000000e+000
  0.0000000e+000
  3.5577238e-001
  3.9019155e-003
  6.9213314e-008
  1.1865880e-011
  2.0850978e-011
  4.4377829e-004
  1.5144651e-002
  1.9716335e-002
  3.5818873e+000
  5.0005357e-002
  5.2110855e-005
  2.3905456e-009
  2.7183578e+000
  5.8485881e+000
  1.1398253e-004
  1.0423078e-005
  7.3415178e-008
  2.8083138e-008
  3.0695810e-013
  1.9625804e-009
  3.0102483e-004
  1.2891902e-006
  1.0974747e-006
  5.4588025e-004
  5.0016027e-002
  4.2428776e-005
  5.9535178e-010
  4.7589286e+000
  7.3795403e-001
  1.0311327e-005
  8.4858297e-006
  1.7888638e-008
  7.3414410e-014
  7.9237492e-019
  5.1139383e-015
  6.3725033e-005
  2.7266587e-007
  4.4816274e-008
  3.5788530e-007
  1.6454393e+001
  4.1202406e+000
  2.9735723e+002
  6.2957260e+001
  1.7789441e-001
