  1.3499501e-003
  9.8739684e-001
  9.9196676e-001
  6.8919477e-006
  9.9959335e-001
  4.7760838e-002
  2.7562962e-002
  3.9879636e-003
  8.5610908e-001
  3.9870871e-003
  9.9446215e-001
  8.3812616e-003
  4.4018219e-002
  7.4734732e-001
  3.4966153e-006
  1.1820647e-006
  4.0425135e+000
  8.8182952e-001
  5.3877960e-003
  1.3290578e-001
  3.1747487e-003
  2.5328101e-004
  5.9088491e-003
  1.3347328e-001
  1.6320559e-003
  1.1763395e-002
  1.2138845e-002
  9.6552413e-002
  1.3620169e-001
  1.3434729e+000
  6.4374661e-001
  1.1475749e+001
  1.1477188e+001
  1.1477993e+001
  1.3500000e+002
  2.8029873e-004
  1.3102892e-004
  6.1310495e-005
 -8.5809458e+001
  1.3252689e-001
  0.0000000e+000
  0.0000000e+000
  2.5875618e+004
 -1.5037491e+004
 -1.7724530e+005
  1.6643969e+005
  2.0654685e-001
  1.0505728e-001
  1.9190412e-003
  4.1517773e-005
  3.0335421e-001
  5.6564909e-001
  1.0133581e-002
  7.0125806e-005
  8.6199183e-008
  1.4727892e-004
  2.6384616e-006
  1.8246494e-008
  2.1700214e-011
  9.1054175e-001
  2.0511607e-005
  4.9012291e-003
  3.7897447e-002
  3.5971548e-005
  4.6601030e-002
  9.1090052e-001
  2.0852355e-005
  4.9005905e-003
  3.7899343e-002
  3.5689550e-005
  4.6220932e-002
  9.1259739e-001
  2.0518938e-005
  4.5190277e-003
  3.4940605e-002
  3.6984948e-005
  4.7883409e-002
  9.1332252e-001
  2.0838225e-005
  4.4934780e-003
  3.4749335e-002
  3.6581610e-005
  4.7355287e-002
  3.2313528e+002
  1.7874528e+001
  2.7534053e-002
  0.0000000e+000
  0.0000000e+000
  0.0000000e+000
  6.3177809e-001
  1.9166002e-001
  3.3546829e-004
  1.9340904e-007
  5.4106563e-008
  2.6182392e-005
  7.1598167e-004
  6.4550007e-003
  3.6103085e+000
  1.0718273e-002
  1.0768250e-004
  2.6933155e-007
  6.4648390e-001
  1.5050150e+001
  4.5284928e-004
  2.8300648e-005
  6.0826095e-004
  5.9058678e-006
  6.7877355e-011
  3.4670431e-007
  1.1057196e-004
  1.0191064e-007
  3.9636703e-006
  2.8330307e-003
  1.0035532e-002
  7.6163383e-005
  5.7906921e-009
  8.4452750e-001
  4.4785419e+000
  2.9508227e-005
  1.5723790e-005
  1.0345958e-005
  6.0322601e-010
  6.6721207e-015
  3.3179222e-011
  1.2418513e-003
  1.0684399e-006
  9.2804768e-006
  2.1717418e-004
  1.6454393e+001
  2.3085030e+001
  2.9735723e+002
  9.8065098e+001
  1.2273993e+000
  9.7522052e-001
  1.1608707e-004
  3.8056044e+000
  2.4908953e-002
  1.6164722e-003
  1.4745752e-003
  4.8903965e-001
  6.6033830e-004
  4.8964599e-001
  4.6380385e-001
  0.0000000e+000
  2.1764200e-002
  3.6000000e-002
  0.0000000e+000
  2.6084146e+000
  1.2356446e+000
  2.8325685e-001
  8.3615768e-002
  2.7937842e+001
  1.6663657e-001
  2.2997253e-004
  7.2359340e-001
  1.0971269e-002
  1.2051201e-002
  5.7925828e-002
  5.5009367e+001
  1.5319292e-003
  1.5319292e-003
  1.7044115e-002
  2.1046134e-002
