  1.4226108e-003
  9.8648523e-001
  9.9143398e-001
  7.2622806e-006
  1.0006837e+000
  2.1896059e-002
  1.3820088e-002
  4.0709851e-003
  9.9451208e-001
  4.0709871e-003
  9.9451201e-001
  8.7239859e-003
  5.4442792e-003
  9.0933850e-001
  3.9043652e-007
  3.8926532e-008
  3.0824653e+000
  6.7263392e-001
  8.4906730e-003
  1.0697541e-001
  1.5650238e-002
  2.5328101e-004
  1.2473926e-003
  1.3825064e-001
  2.0722856e-003
  6.6356151e-003
  9.0981106e-003
  6.8272306e-002
  1.0691057e-001
  1.2307774e+000
  5.4450926e-001
  6.8768230e+000
  6.8761710e+000
  6.8763016e+000
  1.3500000e+002
  1.5669724e-004
  9.8092650e-005
  8.2737950e-005
 -8.5496856e+001
  9.9405507e-001
  0.0000000e+000
  0.0000000e+000
  2.2130842e+004
 -1.5146852e+004
 -1.7632985e+005
  1.6934686e+005
  2.8862656e-001
  1.0505728e-001
  1.9190412e-003
  4.1517773e-005
  3.0335421e-001
  5.6564909e-001
  1.0133581e-002
  7.0125806e-005
  8.6199183e-008
  1.4727892e-004
  2.6384616e-006
  1.8246494e-008
  2.1700214e-011
  9.4877910e-001
  2.1667732e-005
  1.6005075e-006
  1.2592440e-005
  3.9949586e-005
  5.1142926e-002
  9.4876060e-001
  2.1667307e-005
  1.6004761e-006
  1.2592193e-005
  3.9948808e-005
  5.1141928e-002
  9.4878926e-001
  2.1667964e-005
  3.9270129e-007
  3.0896883e-006
  3.9950014e-005
  5.1143473e-002
  9.4877076e-001
  2.1667539e-005
  3.9269358e-007
  3.0896277e-006
  3.9949236e-005
  5.1142476e-002
  4.2063903e+002
  1.0708508e+000
  4.6568560e-005
  0.0000000e+000
  0.0000000e+000
  0.0000000e+000
  1.7619303e-001
  1.1317208e-003
  4.8808851e-009
  3.5900216e-013
  1.5175053e-012
  1.2870502e-002
  4.6291330e-001
  1.9592826e-001
  2.7531018e+000
  5.6419962e-002
  4.6786969e-005
  1.7748257e-009
  7.5743199e+000
  7.7334072e-001
  1.2944902e-005
  9.3574491e-006
  3.5132295e-008
  1.2241358e-010
  1.8084995e-015
  5.9807887e-011
  5.1195368e-005
  2.4703572e-007
  5.1095441e-007
  3.9775978e-004
  5.6028040e-002
  3.9931281e-005
  4.7725098e-010
  5.1313435e+000
  3.6843548e-001
  4.3875796e-006
  7.9862130e-006
  1.4219862e-008
  4.4899390e-016
  5.8979524e-021
  1.6498681e-016
  4.0553943e-005
  1.9428636e-007
  2.3139109e-008
  2.6900919e-007
  1.6454393e+001
  3.2657968e-002
  2.9735723e+002
  5.7440835e+001
  1.8225138e-003
 -3.3028689e-024
  2.4734600e-002
  3.8271314e+000
  2.7603163e-002
  1.1073610e-007
  3.9672626e-004
  5.7371116e-002
  6.5431056e-004
  5.7971427e-002
  5.1967067e-002
  0.0000000e+000
  4.1595951e-002
  3.6000000e-002
  0.0000000e+000
  4.8649320e-001
  7.1604694e-002
  8.2588218e-003
  3.1731337e-003
  2.7813958e-001
  8.0626340e-003
  9.1315091e-006
  8.8194650e-001
  6.9484379e-004
  8.1985161e-004
  3.2934981e-003
  2.1878564e-001
  1.5319292e-003
  1.5319292e-003
  1.8334521e-003
  4.0539294e-003
