  1.5647114e-003
  9.6984876e-001
  9.7811565e-001
  6.7763981e-006
  9.9981809e-001
  6.0611595e-002
  2.7978314e-002
  4.1506153e-003
  9.9440005e-001
  4.2083120e-003
  9.9437373e-001
  8.8957705e-003
  3.4733757e-002
  5.1485053e-001
  2.3984661e-004
  2.2579554e-004
  4.2547613e+000
  9.2759381e-001
  4.7269732e-003
  1.2965694e-001
  4.7259651e-003
  2.5328101e-004
  4.2220200e-003
  1.3519524e-001
  1.4726897e-003
  1.0164973e-001
  2.4804067e-002
  1.7754808e-001
  1.8705019e-001
  1.0859878e+000
  4.3734525e-001
  1.2928314e+001
  1.2838013e+001
  1.2837572e+001
  1.3500000e+002
  3.0149166e-003
  2.7572301e-004
  5.6904071e-005
 -8.4922767e+001
  3.2389606e-001
  0.0000000e+000
  0.0000000e+000
  3.4248861e+004
 -1.5356611e+004
 -1.8574164e+005
  1.6685517e+005
  2.1631085e-001
  1.0505728e-001
  1.9190412e-003
  4.1517773e-005
  3.0335421e-001
  5.6564909e-001
  1.0133581e-002
  7.0125806e-005
  8.6199183e-008
  1.4727892e-004
  2.6384616e-006
  1.8246494e-008
  2.1700214e-011
  9.1288238e-001
  2.2302190e-005
  4.5689184e-003
  3.5130874e-002
  3.7524733e-005
  4.7355770e-002
  9.1315951e-001
  2.2354831e-005
  4.5582016e-003
  3.5051746e-002
  3.7369099e-005
  4.7148395e-002
  9.1996738e-001
  2.2794700e-005
  3.6663200e-003
  2.7593083e-002
  3.8622383e-005
  4.8709518e-002
  9.2059753e-001
  2.2971556e-005
  3.6273657e-003
  2.7304816e-002
  3.8374396e-005
  4.8385403e-002
  2.1644881e+002
  4.0531752e+001
  2.0762099e-001
  0.0000000e+000
  0.0000000e+000
  0.0000000e+000
  5.9496881e-001
  3.3056518e-001
  6.5612266e-004
  3.1112953e-007
  3.8884697e-008
  1.3654049e-005
  2.5534794e-004
  5.9328316e-003
  3.6113050e+000
  1.8349845e-002
  2.0996959e-004
  1.1750859e-006
  7.0709402e-001
  1.5217352e+001
  1.8545041e-003
  4.7316904e-005
  4.7667363e-004
  3.1610361e-006
  3.9965381e-011
  1.8217537e-007
  1.0877312e-004
  1.7141312e-007
  4.6777165e-006
  2.8334598e-003
  1.7927570e-002
  8.0170839e-005
  8.7035060e-009
  1.6894665e+000
  3.6212505e+000
  2.0205986e-005
  1.6413861e-005
  2.8899685e-006
  5.7728132e-011
  6.5296423e-016
  3.9081662e-012
  7.3214808e-004
  1.1247553e-006
  4.5984639e-006
  1.2494423e-004
  1.6454393e+001
  2.7334564e+001
  2.9735723e+002
  3.4495867e+002
  1.3198968e+001
  4.8829070e-004
  9.7764348e-001
  1.0441201e-004
  3.8079896e+000
  2.2472982e-002
  2.8687661e-003
  2.6582523e-003
  4.4107257e-001
  6.6024953e-004
  4.4167882e-001
  4.1708130e-001
  0.0000000e+000
  2.3008726e-002
  3.6000000e-002
  0.0000000e+000
  2.5779136e+000
  1.2143123e+000
  2.8004856e-001
  8.2938546e-002
  2.7917618e+001
  1.6567900e-001
  2.2834974e-004
  7.2454935e-001
  1.0930707e-002
  1.2011148e-002
  5.7681873e-002
  5.5130968e+001
  1.5319292e-003
  1.5319292e-003
  1.7014902e-002
  2.1023091e-002
