  1.3502314e-003
  9.8739684e-001
  9.9196676e-001
  6.8330255e-006
  9.9952827e-001
  4.2631794e-002
  2.7649261e-002
  3.9879635e-003
  8.5610912e-001
  3.9870881e-003
  9.9446216e-001
  8.3812604e-003
  4.4018193e-002
  7.4734739e-001
  3.4966111e-006
  1.1820628e-006
  4.0425135e+000
  8.8182951e-001
  5.3877398e-003
  1.3290579e-001
  3.1747462e-003
  2.5328101e-004
  5.9088502e-003
  1.3347328e-001
  1.6320428e-003
  1.1763378e-002
  1.2138784e-002
  9.6552341e-002
  1.3620117e-001
  1.3434734e+000
  6.4374716e-001
  1.1475749e+001
  1.1477188e+001
  1.1477993e+001
  1.3500000e+002
  2.8029855e-004
  1.3102826e-004
  6.1310036e-005
 -8.5802432e+001
  1.3252693e-001
  0.0000000e+000
  0.0000000e+000
  2.5875619e+004
 -1.5037491e+004
 -1.7724531e+005
  1.6643969e+005
  2.0654688e-001
  1.0505728e-001
  1.9190412e-003
  4.1517773e-005
  3.0335421e-001
  5.6564909e-001
  1.0133581e-002
  7.0125806e-005
  8.6199183e-008
  1.4727892e-004
  2.6384616e-006
  1.8246494e-008
  2.1700214e-011
  9.1054188e-001
  2.0511625e-005
  4.9012185e-003
  3.7897362e-002
  3.5971523e-005
  4.6600996e-002
  9.1090064e-001
  2.0852372e-005
  4.9005798e-003
  3.7899257e-002
  3.5689527e-005
  4.6220901e-002
  9.1259751e-001
  2.0518956e-005
  4.5190189e-003
  3.4940535e-002
  3.6984919e-005
  4.7883371e-002
  9.1332263e-001
  2.0838243e-005
  4.4934698e-003
  3.4749269e-002
  3.6581583e-005
  4.7355251e-002
  3.2313557e+002
  1.7874515e+001
  2.7534036e-002
  0.0000000e+000
  0.0000000e+000
  0.0000000e+000
  6.3177797e-001
  1.9166004e-001
  3.3546852e-004
  1.9335192e-007
  5.4164857e-008
  2.6182308e-005
  7.1598003e-004
  6.4549719e-003
  3.6103085e+000
  1.0718284e-002
  1.0768235e-004
  2.6933299e-007
  6.4648380e-001
  1.5050150e+001
  4.5284462e-004
  2.8300655e-005
  6.0826441e-004
  5.9058732e-006
  6.7877399e-011
  3.4670428e-007
  1.1057196e-004
  1.0191074e-007
  3.9636753e-006
  2.8330308e-003
  1.0035542e-002
  7.6163115e-005
  5.7907545e-009
  8.4452611e-001
  4.4785433e+000
  2.9507784e-005
  1.5723736e-005
  1.0346122e-005
  6.0322512e-010
  6.6721080e-015
  3.3179109e-011
  1.2418545e-003
  1.0684436e-006
  9.2805626e-006
  2.1717398e-004
  1.6454393e+001
  2.3085033e+001
  2.9735723e+002
  9.8065102e+001
  9.8245957e-001
  3.6548617e-004
  9.7522052e-001
  1.1608707e-004
  3.8056044e+000
  2.4908953e-002
  1.6164722e-003
  1.4745752e-003
  4.8903965e-001
  6.6033830e-004
  4.8964599e-001
  4.6380385e-001
  0.0000000e+000
  2.1764200e-002
  3.6000000e-002
  0.0000000e+000
  2.6084146e+000
  1.2356446e+000
  2.8325685e-001
  8.3615768e-002
  2.7937842e+001
  1.6663657e-001
  2.2997253e-004
  7.2359340e-001
  1.0971269e-002
  1.2051201e-002
  5.7925828e-002
  5.5009367e+001
  1.5319292e-003
  1.5319292e-003
  1.7044115e-002
  2.1046134e-002
