  0.0000000e+000 -8.5770120e+001
  2.7600614e-003 -8.5743935e+001
  5.5201229e-003 -8.5717787e+001
  8.2801843e-003 -8.5691678e+001
  1.2857666e-002 -8.5648449e+001
  1.7435147e-002 -8.5605319e+001
  2.2012629e-002 -8.5562292e+001
  2.6590110e-002 -8.5519367e+001
  4.0255321e-002 -8.5392122e+001
  5.3920532e-002 -8.5265768e+001
  6.7585744e-002 -8.5140291e+001
  1.3698900e-001 -8.4514987e+001
  2.0639225e-001 -8.3909736e+001
  2.7579551e-001 -8.3323247e+001
  3.4519876e-001 -8.2754134e+001
  4.7007615e-001 -8.1769986e+001
  5.9495353e-001 -8.0831168e+001
  7.1983092e-001 -7.9931661e+001
  8.4470830e-001 -7.9066371e+001
  9.6958569e-001 -7.8230923e+001
  1.1593987e+000 -7.7009901e+001
  1.3492117e+000 -7.5837444e+001
  1.5390248e+000 -7.4703711e+001
  1.7288378e+000 -7.3600432e+001
  1.9186508e+000 -7.2520514e+001
  2.1556934e+000 -7.1195251e+001
  2.3927359e+000 -6.9886137e+001
  2.6297784e+000 -6.8583757e+001
  2.8668209e+000 -6.7279276e+001
  3.0606688e+000 -6.6204788e+001
  3.2545166e+000 -6.5117699e+001
  3.4144208e+000 -6.4207143e+001
  3.5743249e+000 -6.3279482e+001
  3.7342291e+000 -6.2329049e+001
  3.8506039e+000 -6.1618750e+001
  3.9669787e+000 -6.0888295e+001
  4.0833535e+000 -6.0132214e+001
  4.1712765e+000 -5.9539568e+001
  4.2591994e+000 -5.8923754e+001
  4.3471224e+000 -5.8279004e+001
  4.4147580e+000 -5.7758582e+001
  4.4823935e+000 -5.7211821e+001
  4.5500290e+000 -5.6632577e+001
  4.6047495e+000 -5.6134688e+001
  4.6594700e+000 -5.5604553e+001
  4.7141904e+000 -5.5034696e+001
  4.7586691e+000 -5.4535492e+001
  4.8031477e+000 -5.3996476e+001
  4.8476263e+000 -5.3408359e+001
  4.8839693e+000 -5.2882891e+001
  4.9203124e+000 -5.2307502e+001
  4.9566555e+000 -5.1670387e+001
  4.9866827e+000 -5.1086422e+001
  4.9994091e+000 -5.0820280e+001
  5.0002091e+000 -5.0806643e+001
  5.0008931e+000 -5.0797739e+001
  5.0015771e+000 -5.0789730e+001
  5.0022612e+000 -5.0781679e+001
  5.0029452e+000 -5.0773408e+001
  5.0036293e+000 -5.0765023e+001
  5.0052378e+000 -5.0745224e+001
  5.0068464e+000 -5.0725233e+001
  5.0084549e+000 -5.0705051e+001
  5.0100635e+000 -5.0684670e+001
  5.0162436e+000 -5.0604448e+001
  5.0224237e+000 -5.0521176e+001
  5.0286038e+000 -5.0434813e+001
  5.0347839e+000 -5.0345313e+001
  5.0522583e+000 -5.0074750e+001
  5.0697327e+000 -4.9777030e+001
  5.0872071e+000 -4.9449952e+001
  5.1046815e+000 -4.9090614e+001
  5.1221559e+000 -4.8695328e+001
  5.1452458e+000 -4.8109742e+001
  5.1683357e+000 -4.7439581e+001
  5.1865876e+000 -4.6838718e+001
  5.2048394e+000 -4.6162842e+001
  5.2230913e+000 -4.5397947e+001
  5.2413432e+000 -4.4526658e+001
  5.2550781e+000 -4.3788232e+001
  5.2622114e+000 -4.3372700e+001
  5.2633407e+000 -4.3304739e+001
  5.2644700e+000 -4.3236162e+001
  5.2655993e+000 -4.3166970e+001
  5.2667286e+000 -4.3097158e+001
  5.2678579e+000 -4.3026718e+001
  5.2693561e+000 -4.2932283e+001
  5.2708543e+000 -4.2836709e+001
  5.2723526e+000 -4.2739978e+001
  5.2738508e+000 -4.2642071e+001
  5.2753490e+000 -4.2542967e+001
  5.2808792e+000 -4.2166309e+001
  5.2864094e+000 -4.1771982e+001
  5.2919396e+000 -4.1358891e+001
  5.2974698e+000 -4.0925828e+001
  5.3072148e+000 -4.0110248e+001
  5.3169597e+000 -3.9221039e+001
  5.3267047e+000 -3.8249562e+001
  5.3364496e+000 -3.7186258e+001
  5.3461945e+000 -3.6020708e+001
  5.3579228e+000 -3.4466419e+001
  5.3696511e+000 -3.2727179e+001
  5.3813794e+000 -3.0781956e+001
  5.3931076e+000 -2.8610781e+001
  5.4022643e+000 -2.6747431e+001
  5.4114210e+000 -2.4730555e+001
  5.4184599e+000 -2.3074207e+001
  5.4254988e+000 -2.1326769e+001
  5.4325377e+000 -1.9491054e+001
  5.4383404e+000 -1.7914605e+001
  5.4441431e+000 -1.6285280e+001
  5.4499459e+000 -1.4608023e+001
  5.4557486e+000 -1.2888773e+001
  5.4615513e+000 -1.1134403e+001
  5.4689291e+000 -8.8652362e+000
  5.4763068e+000 -6.5688859e+000
  5.4821123e+000 -4.7546678e+000
  5.4879178e+000 -2.9437466e+000
  5.4937233e+000 -1.1447714e+000
  5.4980219e+000  1.7467053e-001
  5.5023205e+000  1.4798747e+000
  5.5066191e+000  2.7679080e+000
  5.5109177e+000  4.0360706e+000
  5.5152164e+000  5.2819179e+000
  5.5195150e+000  6.5032745e+000
  5.5259929e+000  8.2934736e+000
  5.5324709e+000  1.0018472e+001
  5.5389489e+000  1.1674301e+001
  5.5454269e+000  1.3258269e+001
  5.5519049e+000  1.4768847e+001
  5.5583829e+000  1.6205522e+001
  5.5669755e+000  1.7997854e+001
  5.5755682e+000  1.9663617e+001
  5.5841609e+000  2.1207281e+001
  5.5927536e+000  2.2634485e+001
  5.6013462e+000  2.3951621e+001
  5.6099389e+000  2.5165500e+001
  5.6201856e+000  2.6487722e+001
  5.6304324e+000  2.7684696e+001
  5.6406791e+000  2.8767692e+001
  5.6509258e+000  2.9747302e+001
  5.6611726e+000  3.0633354e+001
  5.6714193e+000  3.1434872e+001
  5.6868204e+000  3.2498396e+001
  5.7022215e+000  3.3413955e+001
  5.7176226e+000  3.4202542e+001
  5.7330237e+000  3.4881976e+001
  5.7484248e+000  3.5467379e+001
  5.7638259e+000  3.5971591e+001
  5.7825943e+000  3.6491947e+001
  5.8013627e+000  3.6924355e+001
  5.8201310e+000  3.7282499e+001
  5.8388994e+000  3.7577722e+001
  5.8576678e+000  3.7819456e+001
  5.8764361e+000  3.8015590e+001
  5.8952045e+000  3.8172757e+001
  5.9212082e+000  3.8336384e+001
  5.9472120e+000  3.8448087e+001
  5.9732157e+000  3.8517686e+001
  5.9992195e+000  3.8553056e+001
  6.0252232e+000  3.8560545e+001
  6.0512270e+000  3.8545302e+001
  6.0772307e+000  3.8511525e+001
  6.1078851e+000  3.8452527e+001
  6.1385395e+000  3.8377039e+001
  6.1691940e+000  3.8288665e+001
  6.1998484e+000  3.8190270e+001
  6.2305028e+000  3.8084146e+001
  6.2611572e+000  3.7972132e+001
  6.2918116e+000  3.7855712e+001
  6.3309462e+000  3.7702564e+001
  6.3700809e+000  3.7546155e+001
  6.4092155e+000  3.7388009e+001
  6.4483502e+000  3.7229302e+001
  6.4874848e+000  3.7070957e+001
  6.5266194e+000  3.6913700e+001
  6.5657541e+000  3.6758097e+001
  6.6185646e+000  3.6551506e+001
  6.6713752e+000  3.6349563e+001
  6.7241858e+000  3.6152908e+001
  6.7769963e+000  3.5961989e+001
  6.8298069e+000  3.5777080e+001
  6.8826175e+000  3.5598367e+001
  6.9354281e+000  3.5426034e+001
  7.0127120e+000  3.5185467e+001
  7.0899959e+000  3.4958727e+001
  7.1672798e+000  3.4745637e+001
  7.2445637e+000  3.4545906e+001
  7.3218476e+000  3.4359160e+001
  7.3991315e+000  3.4184947e+001
  7.5254981e+000  3.3925760e+001
  7.6518646e+000  3.3696282e+001
  7.7782312e+000  3.3493955e+001
  7.9045978e+000  3.3316215e+001
  8.0309643e+000  3.3160564e+001
  8.1573309e+000  3.3024607e+001
  8.2927164e+000  3.2898240e+001
  8.4281019e+000  3.2789325e+001
  8.5634874e+000  3.2695524e+001
  8.6988730e+000  3.2614727e+001
  8.8342585e+000  3.2545042e+001
  8.9696440e+000  3.2484791e+001
  9.1050295e+000  3.2432494e+001
  9.2984466e+000  3.2369041e+001
  9.4918638e+000  3.2316001e+001
  9.6852809e+000  3.2270772e+001
  9.8786980e+000  3.2231261e+001
  1.0072115e+001  3.2195805e+001
  1.0265532e+001  3.2163094e+001
  1.0458949e+001  3.2132114e+001
  1.0654481e+001  3.2101762e+001
  1.0850012e+001  3.2071786e+001
  1.1045543e+001  3.2041743e+001
  1.1241075e+001  3.2011323e+001
  1.1436606e+001  3.1980315e+001
  1.1632137e+001  3.1948586e+001
  1.1827668e+001  3.1916065e+001
  1.2023200e+001  3.1882725e+001
  1.2218731e+001  3.1848574e+001
  1.2414262e+001  3.1813644e+001
  1.2613790e+001  3.1777250e+001
  1.2813317e+001  3.1740162e+001
  1.3012845e+001  3.1702455e+001
  1.3212372e+001  3.1664206e+001
  1.3411900e+001  3.1625494e+001
  1.3611427e+001  3.1586397e+001
  1.3810955e+001  3.1546991e+001
  1.4107214e+001  3.1488064e+001
  1.4403474e+001  3.1428834e+001
  1.4699733e+001  3.1369502e+001
  1.4995993e+001  3.1310242e+001
  1.5241359e+001  3.1261327e+001
  1.5486726e+001  3.1212646e+001
  1.5732092e+001  3.1164266e+001
  1.5977458e+001  3.1116245e+001
  1.6222825e+001  3.1068636e+001
  1.6468191e+001  3.1021483e+001
  1.6713557e+001  3.0974823e+001
  1.6992058e+001  3.0922503e+001
  1.7270559e+001  3.0870902e+001
  1.7502178e+001  3.0828559e+001
  1.7733797e+001  3.0786752e+001
  1.7965416e+001  3.0745497e+001
  1.8197035e+001  3.0704805e+001
  1.8387071e+001  3.0671848e+001
  1.8577107e+001  3.0639287e+001
  1.8767142e+001  3.0607128e+001
  1.8957178e+001  3.0575382e+001
  1.9104577e+001  3.0551051e+001
  1.9251977e+001  3.0526985e+001
  1.9399376e+001  3.0503196e+001
  1.9546775e+001  3.0479697e+001
  1.9694174e+001  3.0456510e+001
  1.9813186e+001  3.0438033e+001
  1.9905506e+001  3.0423862e+001
  1.9997827e+001  3.0409843e+001
  2.0090147e+001  3.0395988e+001
  2.0162015e+001  3.0385322e+001
  2.0233883e+001  3.0374768e+001
  2.0305751e+001  3.0364333e+001
  2.0377619e+001  3.0354024e+001
  2.0449486e+001  3.0343847e+001
  2.0521354e+001  3.0333810e+001
  2.0593222e+001  3.0323919e+001
  2.0618599e+001  3.0320462e+001
  2.0643975e+001  3.0317026e+001
  2.0669352e+001  3.0313608e+001
  2.0694728e+001  3.0310211e+001
  2.0720105e+001  3.0306834e+001
  2.0745482e+001  3.0303477e+001
  2.0770858e+001  3.0300141e+001
  2.0842152e+001  3.0290881e+001
  2.0898751e+001  3.0283651e+001
  2.0938278e+001  3.0278665e+001
  2.0977804e+001  3.0273733e+001
  2.1017331e+001  3.0268855e+001
  2.1056857e+001  3.0264031e+001
  2.1096384e+001  3.0259262e+001
  2.1135911e+001  3.0254548e+001
  2.1194662e+001  3.0247643e+001
  2.1253413e+001  3.0240859e+001
  2.1300964e+001  3.0235457e+001
  2.1348515e+001  3.0230134e+001
  2.1396066e+001  3.0224889e+001
  2.1443617e+001  3.0219722e+001
  2.1491168e+001  3.0214631e+001
  2.1538719e+001  3.0209617e+001
  2.1586270e+001  3.0204676e+001
  2.1641156e+001  3.0199066e+001
  2.1696042e+001  3.0193550e+001
  2.1750928e+001  3.0188128e+001
  2.1805813e+001  3.0182797e+001
  2.1860699e+001  3.0177554e+001
  2.1915585e+001  3.0172397e+001
  2.1970470e+001  3.0167322e+001
  2.2037707e+001  3.0161214e+001
  2.2104944e+001  3.0155220e+001
  2.2172180e+001  3.0149334e+001
  2.2239417e+001  3.0143550e+001
  2.2306653e+001  3.0137863e+001
  2.2373890e+001  3.0132267e+001
  2.2498548e+001  3.0122111e+001
  2.2623206e+001  3.0112208e+001
  2.2747864e+001  3.0102522e+001
  2.2872522e+001  3.0093015e+001
  2.2997180e+001  3.0083652e+001
  2.3121838e+001  3.0074400e+001
  2.3285305e+001  3.0062379e+001
  2.3448771e+001  3.0050421e+001
  2.3612238e+001  3.0038459e+001
  2.3775704e+001  3.0026432e+001
  2.3939171e+001  3.0014280e+001
  2.4102637e+001  3.0001951e+001
  2.4310049e+001  2.9985974e+001
  2.4517461e+001  2.9969539e+001
  2.4724873e+001  2.9952563e+001
  2.4932285e+001  2.9934975e+001
  2.5139697e+001  2.9916713e+001
  2.5347109e+001  2.9897724e+001
  2.5588916e+001  2.9874610e+001
  2.5830723e+001  2.9850396e+001
  2.6072530e+001  2.9825039e+001
  2.6314336e+001  2.9798513e+001
  2.6556143e+001  2.9770803e+001
  2.6797950e+001  2.9741902e+001
  2.7102881e+001  2.9703764e+001
  2.7407812e+001  2.9663760e+001
  2.7712743e+001  2.9621924e+001
  2.8017674e+001  2.9578305e+001
  2.8322605e+001  2.9532955e+001
  2.8627536e+001  2.9485932e+001
  2.9005624e+001  2.9425399e+001
  2.9383712e+001  2.9362508e+001
  2.9761799e+001  2.9297377e+001
  3.0139887e+001  2.9230119e+001
  3.0517975e+001  2.9160841e+001
  3.0896063e+001  2.9089647e+001
  3.1384142e+001  2.8995057e+001
  3.1872221e+001  2.8897615e+001
  3.2360299e+001  2.8797490e+001
  3.2848378e+001  2.8694831e+001
  3.3336457e+001  2.8589775e+001
  3.3824536e+001  2.8482446e+001
  3.4503531e+001  2.8329558e+001
  3.5182525e+001  2.8172750e+001
  3.5861520e+001  2.8012256e+001
  3.6540514e+001  2.7848286e+001
  3.7219509e+001  2.7681029e+001
  3.7898504e+001  2.7510655e+001
  3.8718895e+001  2.7300864e+001
  3.9539287e+001  2.7086998e+001
  4.0359679e+001  2.6869283e+001
  4.1180071e+001  2.6647923e+001
  4.2000463e+001  2.6423105e+001
  4.2820855e+001  2.6194999e+001
  4.3641247e+001  2.5963762e+001
  4.4618472e+001  2.5684430e+001
  4.5595698e+001  2.5401079e+001
  4.6572924e+001  2.5113911e+001
  4.7550149e+001  2.4823109e+001
  4.8527375e+001  2.4528841e+001
  4.9504601e+001  2.4231263e+001
  5.0481826e+001  2.3930516e+001
  5.1726099e+001  2.3543211e+001
  5.2970372e+001  2.3151243e+001
  5.4214644e+001  2.2754847e+001
  5.5458917e+001  2.2354244e+001
  5.6703190e+001  2.1949639e+001
  5.7947462e+001  2.1541229e+001
  5.9191735e+001  2.1129197e+001
  6.1167799e+001  2.0467828e+001
  6.3143864e+001  1.9798440e+001
  6.5119928e+001  1.9121657e+001
  6.7095992e+001  1.8438073e+001
  6.9072056e+001  1.7748242e+001
  7.1048121e+001  1.7052686e+001
  7.3048121e+001  1.6343371e+001
  7.5048121e+001  1.5629156e+001
  7.7048121e+001  1.4910469e+001
  7.9048121e+001  1.4187696e+001
  8.1048121e+001  1.3461184e+001
  8.3048121e+001  1.2731237e+001
  8.5048121e+001  1.1998114e+001
  8.7048121e+001  1.1262027e+001
  8.9048121e+001  1.0523143e+001
  9.1048121e+001  9.7815760e+000
  9.3048121e+001  9.0373918e+000
  9.5048121e+001  8.2906007e+000
  9.7048121e+001  7.5411569e+000
  9.9048121e+001  6.7889551e+000
  1.0104812e+002  6.0338265e+000
  1.0304812e+002  5.2755350e+000
  1.0504812e+002  4.5137714e+000
  1.0704812e+002  3.7481479e+000
  1.0904812e+002  2.9781924e+000
  1.1104812e+002  2.2033410e+000
  1.1304812e+002  1.4229304e+000
  1.1504812e+002  6.3619083e-001
  1.1704812e+002 -1.5776162e-001
  1.1904812e+002 -9.5993212e-001
  1.2104812e+002 -1.7714537e+000
  1.2304812e+002 -2.5935921e+000
  1.2504812e+002 -3.4277504e+000
  1.2704812e+002 -4.2754701e+000
  1.2904812e+002 -5.1384324e+000
  1.3104812e+002 -6.0184536e+000
  1.3304812e+002 -6.9174848e+000
  1.3504812e+002 -7.8376026e+000
  1.3704812e+002 -8.7810091e+000
  1.3904812e+002 -9.7500320e+000
  1.4104812e+002 -1.0747132e+001
  1.4304812e+002 -1.1774926e+001
  1.4504812e+002 -1.2836247e+001
  1.4704812e+002 -1.3934242e+001
  1.4904812e+002 -1.5072556e+001
  1.5104812e+002 -1.6255643e+001
  1.5304812e+002 -1.7489239e+001
  1.5504812e+002 -1.8781116e+001
  1.5704812e+002 -2.0142243e+001
  1.5855628e+002 -2.1223795e+001
  1.6006444e+002 -2.2363018e+001
  1.6125064e+002 -2.3307628e+001
  1.6243684e+002 -2.4303451e+001
  1.6338293e+002 -2.5140822e+001
  1.6432903e+002 -2.6022750e+001
  1.6511533e+002 -2.6794456e+001
  1.6590163e+002 -2.7605975e+001
  1.6668792e+002 -2.8462105e+001
  1.6731619e+002 -2.9181703e+001
  1.6794446e+002 -2.9935879e+001
  1.6857274e+002 -3.0727534e+001
  1.6920101e+002 -3.1559645e+001
  1.6982928e+002 -3.2435244e+001
  1.7045755e+002 -3.3357394e+001
  1.7091720e+002 -3.4063305e+001
  1.7137684e+002 -3.4796989e+001
  1.7173718e+002 -3.5392362e+001
  1.7209752e+002 -3.6006125e+001
  1.7245786e+002 -3.6638857e+001
  1.7281819e+002 -3.7291129e+001
  1.7317853e+002 -3.7963506e+001
  1.7353887e+002 -3.8656542e+001
  1.7389921e+002 -3.9370773e+001
  1.7425954e+002 -4.0106715e+001
  1.7455811e+002 -4.0733291e+001
  1.7485667e+002 -4.1375375e+001
  1.7515523e+002 -4.2033218e+001
  1.7545380e+002 -4.2707055e+001
  1.7562962e+002 -4.3111451e+001
  1.7568672e+002 -4.3243992e+001
  1.7573315e+002 -4.3352214e+001
  1.7577141e+002 -4.3441703e+001
  1.7580968e+002 -4.3531463e+001
  1.7584794e+002 -4.3621492e+001
  1.7588621e+002 -4.3711793e+001
  1.7592448e+002 -4.3802365e+001
  1.7601258e+002 -4.4011938e+001
  1.7610069e+002 -4.4222958e+001
  1.7618879e+002 -4.4435428e+001
  1.7627690e+002 -4.4649354e+001
  1.7648382e+002 -4.5157518e+001
  1.7669074e+002 -4.5673804e+001
  1.7689766e+002 -4.6198279e+001
  1.7710458e+002 -4.6731012e+001
  1.7731150e+002 -4.7272075e+001
  1.7756703e+002 -4.7951861e+001
  1.7782257e+002 -4.8644618e+001
  1.7807810e+002 -4.9350513e+001
  1.7833363e+002 -5.0069722e+001
  1.7858916e+002 -5.0802433e+001
  1.7884470e+002 -5.1548841e+001
  1.7918633e+002 -5.2568501e+001
  1.7952797e+002 -5.3613447e+001
  1.7986961e+002 -5.4684070e+001
  1.8021125e+002 -5.5780637e+001
  1.8055289e+002 -5.6903209e+001
  1.8089452e+002 -5.8051552e+001
  1.8129150e+002 -5.9417382e+001
  1.8161976e+002 -6.0571051e+001
  1.8194802e+002 -6.1744833e+001
  1.8227629e+002 -6.2936241e+001
  1.8260455e+002 -6.4141942e+001
  1.8293281e+002 -6.5357670e+001
  1.8326107e+002 -6.6578150e+001
  1.8358933e+002 -6.7797098e+001
  1.8391759e+002 -6.9007289e+001
  1.8426872e+002 -7.0283031e+001
  1.8461985e+002 -7.1529160e+001
  1.8497098e+002 -7.2735054e+001
  1.8525513e+002 -7.3674384e+001
  1.8553928e+002 -7.4575670e+001
  1.8582343e+002 -7.5434578e+001
  1.8610758e+002 -7.6247541e+001
  1.8639173e+002 -7.7011870e+001
  1.8667588e+002 -7.7725819e+001
  1.8696961e+002 -7.8410030e+001
  1.8726334e+002 -7.9039655e+001
  1.8755706e+002 -7.9615697e+001
  1.8785079e+002 -8.0139912e+001
  1.8814452e+002 -8.0614661e+001
  1.8843824e+002 -8.1042746e+001
  1.8875359e+002 -8.1453938e+001
  1.8906895e+002 -8.1818959e+001
  1.8938430e+002 -8.2141918e+001
  1.8969965e+002 -8.2426859e+001
  1.9001500e+002 -8.2677679e+001
  1.9033035e+002 -8.2898057e+001
  1.9071129e+002 -8.3128537e+001
  1.9109224e+002 -8.3325077e+001
  1.9147318e+002 -8.3492569e+001
  1.9185413e+002 -8.3635314e+001
  1.9223507e+002 -8.3757050e+001
  1.9261602e+002 -8.3861011e+001
  1.9312618e+002 -8.3977177e+001
  1.9363635e+002 -8.4071929e+001
  1.9414651e+002 -8.4149697e+001
  1.9465668e+002 -8.4214019e+001
  1.9516684e+002 -8.4267709e+001
  1.9567701e+002 -8.4312990e+001
  1.9631308e+002 -8.4360304e+001
  1.9694915e+002 -8.4399846e+001
  1.9758522e+002 -8.4433533e+001
  1.9822130e+002 -8.4462796e+001
  1.9885737e+002 -8.4488700e+001
  1.9949344e+002 -8.4512032e+001
  2.0015727e+002 -8.4534255e+001
  2.0082109e+002 -8.4554793e+001
  2.0148492e+002 -8.4574011e+001
  2.0214874e+002 -8.4592174e+001
  2.0281257e+002 -8.4609478e+001
  2.0371610e+002 -8.4631899e+001
  2.0461964e+002 -8.4653265e+001
  2.0552317e+002 -8.4673763e+001
  2.0642671e+002 -8.4693517e+001
  2.0733024e+002 -8.4712619e+001
  2.0837464e+002 -8.4733972e+001
  2.0941905e+002 -8.4754624e+001
  2.1046345e+002 -8.4774633e+001
  2.1150785e+002 -8.4794043e+001
  2.1255225e+002 -8.4812892e+001
  2.1389413e+002 -8.4836332e+001
  2.1523601e+002 -8.4858948e+001
  2.1657789e+002 -8.4880784e+001
  2.1791978e+002 -8.4901880e+001
  2.1926166e+002 -8.4922272e+001
  2.2060354e+002 -8.4941991e+001
  2.2250030e+002 -8.4968775e+001
  2.2439706e+002 -8.4994349e+001
  2.2629382e+002 -8.5018783e+001
  2.2819058e+002 -8.5042143e+001
  2.3008734e+002 -8.5064486e+001
  2.3198410e+002 -8.5085868e+001
  2.3398410e+002 -8.5107431e+001
  2.3598410e+002 -8.5128040e+001
  2.3798410e+002 -8.5147749e+001
  2.3998410e+002 -8.5166606e+001
  2.4198410e+002 -8.5184659e+001
  2.4398410e+002 -8.5201950e+001
  2.4598410e+002 -8.5218521e+001
  2.4798410e+002 -8.5234410e+001
  2.4998410e+002 -8.5249653e+001
  2.5198410e+002 -8.5264283e+001
  2.5398410e+002 -8.5278333e+001
  2.5598410e+002 -8.5291831e+001
  2.5798410e+002 -8.5304807e+001
  2.5998410e+002 -8.5317285e+001
  2.6198410e+002 -8.5329291e+001
  2.6398410e+002 -8.5340848e+001
  2.6598410e+002 -8.5351978e+001
  2.6798410e+002 -8.5362701e+001
  2.6998410e+002 -8.5373037e+001
  2.7198410e+002 -8.5383005e+001
  2.7398410e+002 -8.5392620e+001
  2.7598410e+002 -8.5401900e+001
  2.7798410e+002 -8.5410861e+001
  2.7998410e+002 -8.5419515e+001
  2.8198410e+002 -8.5427878e+001
  2.8398410e+002 -8.5435962e+001
  2.8598410e+002 -8.5443779e+001
  2.8798410e+002 -8.5451341e+001
  2.8998410e+002 -8.5458659e+001
  2.9198410e+002 -8.5465744e+001
  2.9398410e+002 -8.5472604e+001
  2.9598410e+002 -8.5479250e+001
  2.9798410e+002 -8.5485690e+001
  2.9998410e+002 -8.5491933e+001
  3.0198410e+002 -8.5497987e+001
  3.0398410e+002 -8.5503859e+001
  3.0598410e+002 -8.5509557e+001
  3.0798410e+002 -8.5515086e+001
  3.0998410e+002 -8.5520455e+001
  3.1198410e+002 -8.5525669e+001
  3.1398410e+002 -8.5530734e+001
  3.1598410e+002 -8.5535655e+001
  3.1798410e+002 -8.5540438e+001
  3.1998410e+002 -8.5545088e+001
  3.2198410e+002 -8.5549611e+001
  3.2398410e+002 -8.5554010e+001
  3.2598410e+002 -8.5558290e+001
  3.2798410e+002 -8.5562455e+001
  3.2998410e+002 -8.5566509e+001
  3.3198410e+002 -8.5570457e+001
  3.3398410e+002 -8.5574302e+001
  3.3598410e+002 -8.5578047e+001
  3.3798410e+002 -8.5581696e+001
  3.3998410e+002 -8.5585253e+001
  3.4198410e+002 -8.5588719e+001
  3.4398410e+002 -8.5592099e+001
  3.4598410e+002 -8.5595394e+001
  3.4798410e+002 -8.5598609e+001
  3.4998410e+002 -8.5601745e+001
  3.5198410e+002 -8.5604805e+001
  3.5398410e+002 -8.5607791e+001
  3.5598410e+002 -8.5610707e+001
  3.5798410e+002 -8.5613553e+001
  3.5998410e+002 -8.5616332e+001
  3.6198410e+002 -8.5619046e+001
  3.6398410e+002 -8.5621698e+001
  3.6598410e+002 -8.5624289e+001
  3.6798410e+002 -8.5626820e+001
  3.6998410e+002 -8.5629294e+001
  3.7198410e+002 -8.5631713e+001
  3.7398410e+002 -8.5634078e+001
  3.7598410e+002 -8.5636390e+001
  3.7798410e+002 -8.5638651e+001
  3.7998410e+002 -8.5640863e+001
  3.8198410e+002 -8.5643027e+001
  3.8398410e+002 -8.5645144e+001
  3.8598410e+002 -8.5647216e+001
  3.8798410e+002 -8.5649244e+001
  3.8998410e+002 -8.5651229e+001
  3.9198410e+002 -8.5653172e+001
  3.9398410e+002 -8.5655075e+001
  3.9598410e+002 -8.5656939e+001
  3.9798410e+002 -8.5658764e+001
  3.9998410e+002 -8.5660552e+001
  4.0198410e+002 -8.5662303e+001
  4.0398410e+002 -8.5664019e+001
  4.0598410e+002 -8.5665701e+001
  4.0798410e+002 -8.5667349e+001
  4.0998410e+002 -8.5668965e+001
  4.1198410e+002 -8.5670549e+001
  4.1398410e+002 -8.5672101e+001
  4.1598410e+002 -8.5673624e+001
  4.1798410e+002 -8.5675117e+001
  4.1998410e+002 -8.5676582e+001
  4.2198410e+002 -8.5678018e+001
  4.2398410e+002 -8.5679427e+001
  4.2598410e+002 -8.5680810e+001
  4.2798410e+002 -8.5682166e+001
  4.2998410e+002 -8.5683498e+001
  4.3198410e+002 -8.5684804e+001
  4.3398410e+002 -8.5686087e+001
  4.3598410e+002 -8.5687346e+001
  4.3798410e+002 -8.5688582e+001
  4.3998410e+002 -8.5689795e+001
  4.4198410e+002 -8.5690987e+001
  4.4398410e+002 -8.5692157e+001
  4.4598410e+002 -8.5693306e+001
  4.4798410e+002 -8.5694435e+001
  4.4998410e+002 -8.5695544e+001
  4.5198410e+002 -8.5696634e+001
  4.5398410e+002 -8.5697704e+001
  4.5598410e+002 -8.5698756e+001
  4.5798410e+002 -8.5699790e+001
  4.5998410e+002 -8.5700805e+001
  4.6198410e+002 -8.5701804e+001
  4.6398410e+002 -8.5702785e+001
  4.6598410e+002 -8.5703750e+001
  4.6798410e+002 -8.5704699e+001
  4.6998410e+002 -8.5705631e+001
  4.7198410e+002 -8.5706549e+001
  4.7398410e+002 -8.5707450e+001
  4.7598410e+002 -8.5708337e+001
  4.7798410e+002 -8.5709210e+001
  4.7998410e+002 -8.5710068e+001
  4.8198410e+002 -8.5710912e+001
  4.8398410e+002 -8.5711742e+001
  4.8598410e+002 -8.5712559e+001
  4.8798410e+002 -8.5713363e+001
  4.8998410e+002 -8.5714154e+001
  4.9198410e+002 -8.5714933e+001
  4.9398410e+002 -8.5715699e+001
  4.9598410e+002 -8.5716453e+001
  4.9798410e+002 -8.5717195e+001
  4.9998410e+002 -8.5717926e+001
  5.0198410e+002 -8.5718645e+001
  5.0398410e+002 -8.5719353e+001
  5.0598410e+002 -8.5720050e+001
  5.0798410e+002 -8.5720737e+001
  5.0998410e+002 -8.5721413e+001
  5.1198410e+002 -8.5722078e+001
  5.1398410e+002 -8.5722734e+001
  5.1598410e+002 -8.5723380e+001
  5.1798410e+002 -8.5724016e+001
  5.1998410e+002 -8.5724642e+001
  5.2198410e+002 -8.5725260e+001
  5.2398410e+002 -8.5725868e+001
  5.2598410e+002 -8.5726467e+001
  5.2798410e+002 -8.5727057e+001
  5.2998410e+002 -8.5727639e+001
  5.3198410e+002 -8.5728212e+001
  5.3398410e+002 -8.5728776e+001
  5.3598410e+002 -8.5729333e+001
  5.3798410e+002 -8.5729882e+001
  5.3998410e+002 -8.5730422e+001
  5.4198410e+002 -8.5730955e+001
  5.4398410e+002 -8.5731481e+001
  5.4598410e+002 -8.5731999e+001
  5.4798410e+002 -8.5732509e+001
  5.4998410e+002 -8.5733013e+001
  5.5198410e+002 -8.5733509e+001
  5.5398410e+002 -8.5733999e+001
  5.5598410e+002 -8.5734481e+001
  5.5798410e+002 -8.5734957e+001
  5.5998410e+002 -8.5735426e+001
  5.6198410e+002 -8.5735889e+001
  5.6398410e+002 -8.5736346e+001
  5.6598410e+002 -8.5736796e+001
  5.6798410e+002 -8.5737240e+001
  5.6998410e+002 -8.5737678e+001
  5.7198410e+002 -8.5738111e+001
  5.7398410e+002 -8.5738537e+001
  5.7598410e+002 -8.5738958e+001
  5.7798410e+002 -8.5739373e+001
  5.7998410e+002 -8.5739782e+001
  5.8198410e+002 -8.5740186e+001
  5.8398410e+002 -8.5740585e+001
  5.8598410e+002 -8.5740979e+001
  5.8798410e+002 -8.5741367e+001
  5.8998410e+002 -8.5741750e+001
  5.9198410e+002 -8.5742128e+001
  5.9398410e+002 -8.5742502e+001
  5.9598410e+002 -8.5742870e+001
  5.9798410e+002 -8.5743234e+001
  5.9998410e+002 -8.5743593e+001
  6.0198410e+002 -8.5743947e+001
  6.0398410e+002 -8.5744297e+001
  6.0598410e+002 -8.5744642e+001
  6.0798410e+002 -8.5744983e+001
  6.0998410e+002 -8.5745320e+001
  6.1198410e+002 -8.5745652e+001
  6.1398410e+002 -8.5745981e+001
  6.1598410e+002 -8.5746305e+001
  6.1798410e+002 -8.5746625e+001
  6.1998410e+002 -8.5746941e+001
  6.2198410e+002 -8.5747253e+001
  6.2398410e+002 -8.5747561e+001
  6.2598410e+002 -8.5747866e+001
  6.2798410e+002 -8.5748166e+001
  6.2998410e+002 -8.5748463e+001
  6.3198410e+002 -8.5748757e+001
  6.3398410e+002 -8.5749046e+001
  6.3598410e+002 -8.5749333e+001
  6.3798410e+002 -8.5749615e+001
  6.3998410e+002 -8.5749895e+001
  6.4198410e+002 -8.5750171e+001
  6.4398410e+002 -8.5750443e+001
  6.4598410e+002 -8.5750713e+001
  6.4798410e+002 -8.5750979e+001
  6.4998410e+002 -8.5751242e+001
  6.5198410e+002 -8.5751501e+001
  6.5398410e+002 -8.5751758e+001
  6.5598410e+002 -8.5752012e+001
  6.5798410e+002 -8.5752263e+001
  6.5998410e+002 -8.5752510e+001
  6.6198410e+002 -8.5752755e+001
  6.6398410e+002 -8.5752997e+001
  6.6598410e+002 -8.5753236e+001
  6.6798410e+002 -8.5753473e+001
  6.6998410e+002 -8.5753706e+001
  6.7198410e+002 -8.5753937e+001
  6.7398410e+002 -8.5754165e+001
  6.7598410e+002 -8.5754391e+001
  6.7798410e+002 -8.5754614e+001
  6.7998410e+002 -8.5754834e+001
  6.8198410e+002 -8.5755052e+001
  6.8398410e+002 -8.5755267e+001
  6.8598410e+002 -8.5755480e+001
  6.8798410e+002 -8.5755691e+001
  6.8998410e+002 -8.5755899e+001
  6.9198410e+002 -8.5756105e+001
  6.9398410e+002 -8.5756308e+001
  6.9598410e+002 -8.5756510e+001
  6.9798410e+002 -8.5756709e+001
  6.9998410e+002 -8.5756905e+001
  7.0198410e+002 -8.5757100e+001
  7.0398410e+002 -8.5757292e+001
  7.0598410e+002 -8.5757482e+001
  7.0798410e+002 -8.5757670e+001
  7.0998410e+002 -8.5757856e+001
  7.1198410e+002 -8.5758040e+001
  7.1398410e+002 -8.5758222e+001
  7.1598410e+002 -8.5758402e+001
  7.1798410e+002 -8.5758580e+001
  7.1998410e+002 -8.5758756e+001
  7.2198410e+002 -8.5758930e+001
  7.2398410e+002 -8.5759102e+001
  7.2598410e+002 -8.5759273e+001
  7.2798410e+002 -8.5759441e+001
  7.2998410e+002 -8.5759608e+001
  7.3198410e+002 -8.5759773e+001
  7.3398410e+002 -8.5759936e+001
  7.3598410e+002 -8.5760097e+001
  7.3798410e+002 -8.5760257e+001
  7.3998410e+002 -8.5760415e+001
  7.4198410e+002 -8.5760571e+001
  7.4398410e+002 -8.5760725e+001
  7.4598410e+002 -8.5760878e+001
  7.4798410e+002 -8.5761029e+001
  7.4998410e+002 -8.5761179e+001
  7.5198410e+002 -8.5761327e+001
  7.5398410e+002 -8.5761474e+001
  7.5598410e+002 -8.5761619e+001
  7.5798410e+002 -8.5761762e+001
  7.5998410e+002 -8.5761904e+001
  7.6198410e+002 -8.5762044e+001
  7.6398410e+002 -8.5762183e+001
  7.6598410e+002 -8.5762321e+001
  7.6798410e+002 -8.5762457e+001
  7.6998410e+002 -8.5762592e+001
  7.7198410e+002 -8.5762725e+001
  7.7398410e+002 -8.5762857e+001
  7.7598410e+002 -8.5762987e+001
  7.7798410e+002 -8.5763117e+001
  7.7998410e+002 -8.5763245e+001
  7.8198410e+002 -8.5763371e+001
  7.8398410e+002 -8.5763496e+001
  7.8598410e+002 -8.5763620e+001
  7.8798410e+002 -8.5763743e+001
  7.8998410e+002 -8.5763865e+001
  7.9198410e+002 -8.5763985e+001
  7.9398410e+002 -8.5764104e+001
  7.9598410e+002 -8.5764222e+001
  7.9798410e+002 -8.5764338e+001
  7.9998410e+002 -8.5764454e+001
  8.0198410e+002 -8.5764568e+001
  8.0398410e+002 -8.5764681e+001
  8.0598410e+002 -8.5764793e+001
  8.0798410e+002 -8.5764904e+001
  8.0998410e+002 -8.5765014e+001
  8.1198410e+002 -8.5765122e+001
  8.1398410e+002 -8.5765230e+001
  8.1598410e+002 -8.5765336e+001
  8.1798410e+002 -8.5765442e+001
  8.1998410e+002 -8.5765546e+001
  8.2198410e+002 -8.5765650e+001
  8.2398410e+002 -8.5765752e+001
  8.2598410e+002 -8.5765853e+001
  8.2798410e+002 -8.5765954e+001
  8.2998410e+002 -8.5766053e+001
  8.3198410e+002 -8.5766151e+001
  8.3398410e+002 -8.5766249e+001
  8.3598410e+002 -8.5766345e+001
  8.3798410e+002 -8.5766441e+001
  8.3998410e+002 -8.5766535e+001
  8.4198410e+002 -8.5766629e+001
  8.4398410e+002 -8.5766722e+001
  8.4598410e+002 -8.5766813e+001
  8.4798410e+002 -8.5766904e+001
  8.4998410e+002 -8.5766994e+001
  8.5198410e+002 -8.5767084e+001
  8.5398410e+002 -8.5767172e+001
  8.5598410e+002 -8.5767259e+001
  8.5798410e+002 -8.5767346e+001
  8.5998410e+002 -8.5767432e+001
  8.6198410e+002 -8.5767517e+001
  8.6398410e+002 -8.5767601e+001
  8.6598410e+002 -8.5767684e+001
  8.6798410e+002 -8.5767767e+001
  8.6998410e+002 -8.5767849e+001
  8.7198410e+002 -8.5767930e+001
  8.7398410e+002 -8.5768010e+001
  8.7598410e+002 -8.5768089e+001
  8.7798410e+002 -8.5768168e+001
  8.7998410e+002 -8.5768246e+001
  8.8198410e+002 -8.5768323e+001
  8.8398410e+002 -8.5768400e+001
  8.8598410e+002 -8.5768475e+001
  8.8798410e+002 -8.5768550e+001
  8.8998410e+002 -8.5768625e+001
  8.9198410e+002 -8.5768698e+001
  8.9398410e+002 -8.5768771e+001
  8.9598410e+002 -8.5768844e+001
  8.9798410e+002 -8.5768915e+001
  8.9998410e+002 -8.5768986e+001
  9.0198410e+002 -8.5769056e+001
  9.0398410e+002 -8.5769126e+001
  9.0598410e+002 -8.5769195e+001
  9.0798410e+002 -8.5769263e+001
  9.0998410e+002 -8.5769331e+001
  9.1198410e+002 -8.5769398e+001
  9.1398410e+002 -8.5769464e+001
  9.1598410e+002 -8.5769530e+001
  9.1798410e+002 -8.5769595e+001
  9.1998410e+002 -8.5769660e+001
  9.2198410e+002 -8.5769724e+001
  9.2398410e+002 -8.5769787e+001
  9.2598410e+002 -8.5769850e+001
  9.2798410e+002 -8.5769913e+001
  9.2998410e+002 -8.5769974e+001
  9.3198410e+002 -8.5770035e+001
  9.3398410e+002 -8.5770096e+001
  9.3598410e+002 -8.5770156e+001
  9.3798410e+002 -8.5770215e+001
  9.3998410e+002 -8.5770274e+001
  9.4198410e+002 -8.5770333e+001
  9.4398410e+002 -8.5770391e+001
  9.4598410e+002 -8.5770448e+001
  9.4798410e+002 -8.5770505e+001
  9.4998410e+002 -8.5770561e+001
  9.5198410e+002 -8.5770617e+001
  9.5398410e+002 -8.5770672e+001
  9.5598410e+002 -8.5770727e+001
  9.5798410e+002 -8.5770781e+001
  9.5998410e+002 -8.5770835e+001
  9.6198410e+002 -8.5770888e+001
  9.6398410e+002 -8.5770941e+001
  9.6598410e+002 -8.5770994e+001
  9.6798410e+002 -8.5771045e+001
  9.6998410e+002 -8.5771097e+001
  9.7198410e+002 -8.5771148e+001
  9.7398410e+002 -8.5771198e+001
  9.7598410e+002 -8.5771248e+001
  9.7798410e+002 -8.5771298e+001
  9.7998410e+002 -8.5771347e+001
  9.8198410e+002 -8.5771396e+001
  9.8398410e+002 -8.5771444e+001
  9.8598410e+002 -8.5771492e+001
  9.8798410e+002 -8.5771540e+001
  9.8998410e+002 -8.5771587e+001
  9.9198410e+002 -8.5771633e+001
  9.9398410e+002 -8.5771680e+001
  9.9598410e+002 -8.5771725e+001
  9.9798410e+002 -8.5771771e+001
  9.9998410e+002 -8.5771816e+001
  9.9999611e+002 -8.5771816e+001
  9.9999922e+002 -8.5771816e+001
  1.0000004e+003 -8.5766393e+001
  1.0000015e+003 -8.5756547e+001
  1.0000026e+003 -8.5745244e+001
  1.0000038e+003 -8.5734093e+001
  1.0000049e+003 -8.5723313e+001
  1.0000074e+003 -8.5699525e+001
  1.0000099e+003 -8.5675856e+001
  1.0000124e+003 -8.5652208e+001
  1.0000149e+003 -8.5628578e+001
  1.0000220e+003 -8.5561782e+001
  1.0000291e+003 -8.5495225e+001
  1.0000362e+003 -8.5428913e+001
  1.0000433e+003 -8.5362846e+001
  1.0000669e+003 -8.5145488e+001
  1.0000904e+003 -8.4930712e+001
  1.0001140e+003 -8.4718441e+001
  1.0001375e+003 -8.4508600e+001
  1.0002175e+003 -8.3812883e+001
  1.0002975e+003 -8.3141850e+001
  1.0003775e+003 -8.2493361e+001
  1.0004574e+003 -8.1865437e+001
  1.0006110e+003 -8.0711387e+001
  1.0007646e+003 -7.9616020e+001
  1.0009181e+003 -7.8569989e+001
  1.0010717e+003 -7.7565548e+001
  1.0012253e+003 -7.6596157e+001
  1.0014297e+003 -7.5350803e+001
  1.0016341e+003 -7.4146182e+001
  1.0018385e+003 -7.2972591e+001
  1.0020429e+003 -7.1821789e+001
  1.0022111e+003 -7.0887111e+001
  1.0023792e+003 -6.9959404e+001
  1.0025473e+003 -6.9035338e+001
  1.0027155e+003 -6.8111729e+001
  1.0028836e+003 -6.7185456e+001
  1.0030170e+003 -6.6446374e+001
  1.0031505e+003 -6.5701924e+001
  1.0032839e+003 -6.4950235e+001
  1.0034174e+003 -6.4189156e+001
  1.0035235e+003 -6.3575232e+001
  1.0036297e+003 -6.2952181e+001
  1.0037359e+003 -6.2318080e+001
  1.0038242e+003 -6.1780218e+001
  1.0039126e+003 -6.1231340e+001
  1.0040009e+003 -6.0669305e+001
  1.0040720e+003 -6.0206028e+001
  1.0041430e+003 -5.9730777e+001
  1.0042141e+003 -5.9241391e+001
  1.0042720e+003 -5.8830300e+001
  1.0043299e+003 -5.8406268e+001
  1.0043878e+003 -5.7967101e+001
  1.0044358e+003 -5.7589747e+001
  1.0044838e+003 -5.7198276e+001
  1.0045318e+003 -5.6790402e+001
  1.0045798e+003 -5.6363323e+001
  1.0046189e+003 -5.5999346e+001
  1.0046579e+003 -5.5618089e+001
  1.0046969e+003 -5.5216756e+001
  1.0047360e+003 -5.4791923e+001
  1.0047678e+003 -5.4425396e+001
  1.0047997e+003 -5.4037634e+001
  1.0048315e+003 -5.3625181e+001
  1.0048633e+003 -5.3183800e+001
  1.0048894e+003 -5.2797492e+001
  1.0049154e+003 -5.2384769e+001
  1.0049414e+003 -5.1941290e+001
  1.0049675e+003 -5.1461728e+001
  1.0049890e+003 -5.1034112e+001
  1.0049975e+003 -5.0856653e+001
  1.0049996e+003 -5.0811738e+001
  1.0050003e+003 -5.0799400e+001
  1.0050010e+003 -5.0789912e+001
  1.0050018e+003 -5.0781338e+001
  1.0050025e+003 -5.0772624e+001
  1.0050033e+003 -5.0763631e+001
  1.0050049e+003 -5.0744207e+001
  1.0050064e+003 -5.0724534e+001
  1.0050080e+003 -5.0704670e+001
  1.0050096e+003 -5.0684615e+001
  1.0050157e+003 -5.0605235e+001
  1.0050219e+003 -5.0522865e+001
  1.0050280e+003 -5.0437458e+001
  1.0050341e+003 -5.0348970e+001
  1.0050519e+003 -5.0073016e+001
  1.0050698e+003 -4.9768710e+001
  1.0050876e+003 -4.9433707e+001
  1.0051055e+003 -4.9064896e+001
  1.0051233e+003 -4.8658302e+001
  1.0051463e+003 -4.8069099e+001
  1.0051694e+003 -4.7394714e+001
  1.0051875e+003 -4.6792591e+001
  1.0052056e+003 -4.6115530e+001
  1.0052238e+003 -4.5349589e+001
  1.0052419e+003 -4.4477498e+001
  1.0052555e+003 -4.3740469e+001
  1.0052627e+003 -4.3321607e+001
  1.0052638e+003 -4.3252339e+001
  1.0052649e+003 -4.3182432e+001
  1.0052661e+003 -4.3111888e+001
  1.0052672e+003 -4.3040704e+001
  1.0052684e+003 -4.2968869e+001
  1.0052699e+003 -4.2872214e+001
  1.0052714e+003 -4.2774371e+001
  1.0052729e+003 -4.2675322e+001
  1.0052745e+003 -4.2575045e+001
  1.0052760e+003 -4.2473520e+001
  1.0052815e+003 -4.2094077e+001
  1.0052870e+003 -4.1696803e+001
  1.0052926e+003 -4.1280592e+001
  1.0052981e+003 -4.0844226e+001
  1.0053078e+003 -4.0023700e+001
  1.0053175e+003 -3.9129131e+001
  1.0053272e+003 -3.8151857e+001
  1.0053370e+003 -3.7082310e+001
  1.0053467e+003 -3.5910073e+001
  1.0053584e+003 -3.4340991e+001
  1.0053701e+003 -3.2584988e+001
  1.0053819e+003 -3.0620995e+001
  1.0053936e+003 -2.8429153e+001
  1.0054027e+003 -2.6563017e+001
  1.0054118e+003 -2.4544968e+001
  1.0054188e+003 -2.2893485e+001
  1.0054258e+003 -2.1152737e+001
  1.0054327e+003 -1.9325659e+001
  1.0054385e+003 -1.7749960e+001
  1.0054443e+003 -1.6122267e+001
  1.0054501e+003 -1.4447567e+001
  1.0054559e+003 -1.2731818e+001
  1.0054616e+003 -1.0981889e+001
  1.0054689e+003 -8.7390344e+000
  1.0054762e+003 -6.4706234e+000
  1.0054820e+003 -4.6661039e+000
  1.0054878e+003 -2.8652646e+000
  1.0054935e+003 -1.0766022e+000
  1.0054978e+003  2.2748918e-001
  1.0055020e+003  1.5175438e+000
  1.0055063e+003  2.7907336e+000
  1.0055105e+003  4.0444540e+000
  1.0055148e+003  5.2763446e+000
  1.0055190e+003  6.4843026e+000
  1.0055255e+003  8.2747037e+000
  1.0055320e+003  9.9999986e+000
  1.0055385e+003  1.1656206e+001
  1.0055449e+003  1.3240624e+001
  1.0055514e+003  1.4751708e+001
  1.0055579e+003  1.6188938e+001
  1.0055665e+003  1.7982581e+001
  1.0055751e+003  1.9649621e+001
  1.0055837e+003  2.1194511e+001
  1.0055923e+003  2.2622882e+001
  1.0056008e+003  2.3941120e+001
  1.0056094e+003  2.5156031e+001
  1.0056197e+003  2.6478759e+001
  1.0056299e+003  2.7676263e+001
  1.0056402e+003  2.8759801e+001
  1.0056504e+003  2.9739955e+001
  1.0056606e+003  3.0626546e+001
  1.0056709e+003  3.1428594e+001
  1.0056863e+003  3.2492622e+001
  1.0057017e+003  3.3408723e+001
  1.0057170e+003  3.4197868e+001
  1.0057324e+003  3.4877863e+001
  1.0057478e+003  3.5463822e+001
  1.0057632e+003  3.5968577e+001
  1.0057820e+003  3.6489778e+001
  1.0058007e+003  3.6922932e+001
  1.0058195e+003  3.7281735e+001
  1.0058383e+003  3.7577542e+001
  1.0058570e+003  3.7819795e+001
  1.0058758e+003  3.8016391e+001
  1.0058945e+003  3.8173970e+001
  1.0059205e+003  3.8338127e+001
  1.0059465e+003  3.8450268e+001
  1.0059725e+003  3.8520230e+001
  1.0059985e+003  3.8555901e+001
  1.0060245e+003  3.8563641e+001
  1.0060505e+003  3.8548606e+001
  1.0060765e+003  3.8515001e+001
  1.0061072e+003  3.8456180e+001
  1.0061378e+003  3.8380840e+001
  1.0061685e+003  3.8292589e+001
  1.0061991e+003  3.8194298e+001
  1.0062297e+003  3.8088259e+001
  1.0062604e+003  3.7976315e+001
  1.0062910e+003  3.7859953e+001
  1.0063302e+003  3.7706873e+001
  1.0063693e+003  3.7550518e+001
  1.0064084e+003  3.7392412e+001
  1.0064475e+003  3.7233734e+001
  1.0064866e+003  3.7075409e+001
  1.0065257e+003  3.6918163e+001
  1.0065649e+003  3.6762564e+001
  1.0066176e+003  3.6556000e+001
  1.0066704e+003  3.6354071e+001
  1.0067232e+003  3.6157419e+001
  1.0067760e+003  3.5966494e+001
  1.0068288e+003  3.5781568e+001
  1.0068815e+003  3.5602827e+001
  1.0069343e+003  3.5430459e+001
  1.0070113e+003  3.5190555e+001
  1.0070883e+003  3.4964379e+001
  1.0071653e+003  3.4751758e+001
  1.0072423e+003  3.4552405e+001
  1.0073193e+003  3.4365952e+001
  1.0073963e+003  3.4191955e+001
  1.0075226e+003  3.3932280e+001
  1.0076488e+003  3.3702319e+001
  1.0077751e+003  3.3499519e+001
  1.0079013e+003  3.3321322e+001
  1.0080276e+003  3.3165235e+001
  1.0081539e+003  3.3028867e+001
  1.0082892e+003  3.2902049e+001
  1.0084245e+003  3.2792728e+001
  1.0085598e+003  3.2698562e+001
  1.0086951e+003  3.2617440e+001
  1.0088304e+003  3.2547467e+001
  1.0089657e+003  3.2486962e+001
  1.0091011e+003  3.2434442e+001
  1.0092672e+003  3.2378996e+001
  1.0094332e+003  3.2331570e+001
  1.0095993e+003  3.2290435e+001
  1.0097654e+003  3.2254153e+001
  1.0099315e+003  3.2221540e+001
  1.0100976e+003  3.2191625e+001
  1.0102637e+003  3.2163622e+001
  1.0104543e+003  3.2133036e+001
  1.0106448e+003  3.2103395e+001
  1.0108354e+003  3.2074137e+001
  1.0110260e+003  3.2044845e+001
  1.0112166e+003  3.2015220e+001
  1.0114072e+003  3.1985059e+001
  1.0115978e+003  3.1954231e+001
  1.0117883e+003  3.1922660e+001
  1.0119789e+003  3.1890315e+001
  1.0122179e+003  3.1848668e+001
  1.0124080e+003  3.1814707e+001
  1.0125981e+003  3.1780057e+001
  1.0127881e+003  3.1744774e+001
  1.0129782e+003  3.1708922e+001
  1.0131683e+003  3.1672566e+001
  1.0133584e+003  3.1635775e+001
  1.0135485e+003  3.1598617e+001
  1.0139144e+003  3.1526295e+001
  1.0142804e+003  3.1453299e+001
  1.0145526e+003  3.1398781e+001
  1.0148249e+003  3.1344253e+001
  1.0150972e+003  3.1289845e+001
  1.0153695e+003  3.1235671e+001
  1.0156418e+003  3.1181830e+001
  1.0159141e+003  3.1128406e+001
  1.0161863e+003  3.1075473e+001
  1.0164586e+003  3.1023094e+001
  1.0167443e+003  3.0968797e+001
  1.0170299e+003  3.0915219e+001
  1.0173156e+003  3.0862403e+001
  1.0175431e+003  3.0820905e+001
  1.0177706e+003  3.0779928e+001
  1.0179981e+003  3.0739485e+001
  1.0182256e+003  3.0699587e+001
  1.0184140e+003  3.0666975e+001
  1.0186024e+003  3.0634752e+001
  1.0187907e+003  3.0602926e+001
  1.0189791e+003  3.0571507e+001
  1.0191251e+003  3.0547443e+001
  1.0192711e+003  3.0523639e+001
  1.0194171e+003  3.0500108e+001
  1.0195631e+003  3.0476865e+001
  1.0197091e+003  3.0453930e+001
  1.0198266e+003  3.0435719e+001
  1.0199174e+003  3.0421802e+001
  1.0200082e+003  3.0408033e+001
  1.0200990e+003  3.0394423e+001
  1.0201703e+003  3.0383852e+001
  1.0202416e+003  3.0373392e+001
  1.0203129e+003  3.0363049e+001
  1.0203842e+003  3.0352831e+001
  1.0204555e+003  3.0342744e+001
  1.0205268e+003  3.0332795e+001
  1.0205981e+003  3.0322990e+001
  1.0206233e+003  3.0319567e+001
  1.0206485e+003  3.0316164e+001
  1.0206736e+003  3.0312779e+001
  1.0206988e+003  3.0309415e+001
  1.0207239e+003  3.0306070e+001
  1.0207491e+003  3.0302745e+001
  1.0207742e+003  3.0299441e+001
  1.0208454e+003  3.0290205e+001
  1.0209010e+003  3.0283100e+001
  1.0209403e+003  3.0278153e+001
  1.0209795e+003  3.0273258e+001
  1.0210188e+003  3.0268417e+001
  1.0210580e+003  3.0263629e+001
  1.0210972e+003  3.0258895e+001
  1.0211365e+003  3.0254215e+001
  1.0211966e+003  3.0247145e+001
  1.0212568e+003  3.0240202e+001
  1.0213046e+003  3.0234778e+001
  1.0213524e+003  3.0229433e+001
  1.0214002e+003  3.0224168e+001
  1.0214480e+003  3.0218980e+001
  1.0214958e+003  3.0213871e+001
  1.0215436e+003  3.0208837e+001
  1.0215913e+003  3.0203879e+001
  1.0216467e+003  3.0198228e+001
  1.0217021e+003  3.0192674e+001
  1.0217574e+003  3.0187214e+001
  1.0218128e+003  3.0181847e+001
  1.0218682e+003  3.0176569e+001
  1.0219235e+003  3.0171378e+001
  1.0219789e+003  3.0166270e+001
  1.0220467e+003  3.0160125e+001
  1.0221145e+003  3.0154094e+001
  1.0221823e+003  3.0148173e+001
  1.0222501e+003  3.0142355e+001
  1.0223179e+003  3.0136635e+001
  1.0223857e+003  3.0131006e+001
  1.0225108e+003  3.0120838e+001
  1.0226359e+003  3.0110922e+001
  1.0227610e+003  3.0101220e+001
  1.0228861e+003  3.0091695e+001
  1.0230112e+003  3.0082311e+001
  1.0231363e+003  3.0073035e+001
  1.0232969e+003  3.0061230e+001
  1.0234576e+003  3.0049482e+001
  1.0236182e+003  3.0037726e+001
  1.0237788e+003  3.0025905e+001
  1.0239394e+003  3.0013963e+001
  1.0241000e+003  3.0001850e+001
  1.0243077e+003  2.9985856e+001
  1.0245154e+003  2.9969403e+001
  1.0247231e+003  2.9952408e+001
  1.0249308e+003  2.9934801e+001
  1.0251385e+003  2.9916518e+001
  1.0253462e+003  2.9897507e+001
  1.0255880e+003  2.9874400e+001
  1.0258298e+003  2.9850192e+001
  1.0260716e+003  2.9824843e+001
  1.0263133e+003  2.9798324e+001
  1.0265551e+003  2.9770622e+001
  1.0267969e+003  2.9741729e+001
  1.0271018e+003  2.9703606e+001
  1.0274067e+003  2.9663616e+001
  1.0277115e+003  2.9621797e+001
  1.0280164e+003  2.9578194e+001
  1.0283213e+003  2.9532860e+001
  1.0286261e+003  2.9485855e+001
  1.0290041e+003  2.9425345e+001
  1.0293821e+003  2.9362477e+001
  1.0297601e+003  2.9297370e+001
  1.0301381e+003  2.9230137e+001
  1.0305161e+003  2.9160884e+001
  1.0308941e+003  2.9089714e+001
  1.0313821e+003  2.8995159e+001
  1.0318700e+003  2.8897753e+001
  1.0323580e+003  2.8797663e+001
  1.0328459e+003  2.8695040e+001
  1.0333339e+003  2.8590021e+001
  1.0338219e+003  2.8482729e+001
  1.0345005e+003  2.8329940e+001
  1.0351791e+003  2.8173234e+001
  1.0358577e+003  2.8012845e+001
  1.0365363e+003  2.7848982e+001
  1.0372149e+003  2.7681835e+001
  1.0378936e+003  2.7511573e+001
  1.0387136e+003  2.7301903e+001
  1.0395336e+003  2.7088160e+001
  1.0403536e+003  2.6870570e+001
  1.0411736e+003  2.6649337e+001
  1.0419936e+003  2.6424648e+001
  1.0428136e+003  2.6196672e+001
  1.0436336e+003  2.5965567e+001
  1.0446107e+003  2.5686301e+001
  1.0455878e+003  2.5403015e+001
  1.0465649e+003  2.5115910e+001
  1.0475419e+003  2.4825172e+001
  1.0485190e+003  2.4530967e+001
  1.0494961e+003  2.4233452e+001
  1.0504732e+003  2.3932769e+001
  1.0517170e+003  2.3545647e+001
  1.0529607e+003  2.3153864e+001
  1.0542045e+003  2.2757656e+001
  1.0554483e+003  2.2357243e+001
  1.0566920e+003  2.1952829e+001
  1.0579358e+003  2.1544610e+001
  1.0591796e+003  2.1132772e+001
  1.0611550e+003  2.0471668e+001
  1.0631304e+003  1.9802544e+001
  1.0651058e+003  1.9126029e+001
  1.0670812e+003  1.8442711e+001
  1.0690566e+003  1.7753147e+001
  1.0710320e+003  1.7057858e+001
  1.0730320e+003  1.6348573e+001
  1.0750320e+003  1.5634384e+001
  1.0770320e+003  1.4915718e+001
  1.0790320e+003  1.4192964e+001
  1.0810320e+003  1.3466469e+001
  1.0830320e+003  1.2736535e+001
  1.0850320e+003  1.2003423e+001
  1.0870320e+003  1.1267345e+001
  1.0890320e+003  1.0528468e+001
  1.0910320e+003  9.7869074e+000
  1.0930320e+003  9.0427280e+000
  1.0950320e+003  8.2959408e+000
  1.0970320e+003  7.5465006e+000
  1.0990320e+003  6.7943022e+000
  1.1010320e+003  6.0391774e+000
  1.1030320e+003  5.2808903e+000
  1.1050320e+003  4.5191323e+000
  1.1070320e+003  3.7535161e+000
  1.1090320e+003  2.9835700e+000
  1.1110320e+003  2.2087308e+000
  1.1130320e+003  1.4283357e+000
  1.1150320e+003  6.4161578e-001
  1.1170320e+003 -1.5231230e-001
  1.1190320e+003 -9.5445284e-001
  1.1210320e+003 -1.7659381e+000
  1.1230320e+003 -2.5880328e+000
  1.1250320e+003 -3.4221394e+000
  1.1270320e+003 -4.2697983e+000
  1.1290320e+003 -5.1326898e+000
  1.1310320e+003 -6.0126294e+000
  1.1330320e+003 -6.9115673e+000
  1.1350320e+003 -7.8315792e+000
  1.1370320e+003 -8.7748664e+000
  1.1390320e+003 -9.7437558e+000
  1.1410320e+003 -1.0740707e+001
  1.1430320e+003 -1.1768336e+001
  1.1450320e+003 -1.2829474e+001
  1.1470320e+003 -1.3927264e+001
  1.1490320e+003 -1.5065350e+001
  1.1510320e+003 -1.6248177e+001
  1.1530320e+003 -1.7481472e+001
  1.1550320e+003 -1.8772993e+001
  1.1570320e+003 -2.0133682e+001
  1.1585413e+003 -2.1215666e+001
  1.1600506e+003 -2.2355328e+001
  1.1612377e+003 -2.3300315e+001
  1.1624248e+003 -2.4296529e+001
  1.1633716e+003 -2.5134223e+001
  1.1643185e+003 -2.6016494e+001
  1.1651052e+003 -2.6788393e+001
  1.1658920e+003 -2.7600120e+001
  1.1666788e+003 -2.8456478e+001
  1.1673074e+003 -2.9176131e+001
  1.1679359e+003 -2.9930370e+001
  1.1685644e+003 -3.0722098e+001
  1.1691930e+003 -3.1554297e+001
  1.1698215e+003 -3.2430001e+001
  1.1704501e+003 -3.3352278e+001
  1.1709102e+003 -3.4058775e+001
  1.1713704e+003 -3.4793098e+001
  1.1717308e+003 -3.5388570e+001
  1.1720913e+003 -3.6002443e+001
  1.1724518e+003 -3.6635294e+001
  1.1728122e+003 -3.7287696e+001
  1.1731727e+003 -3.7960215e+001
  1.1735332e+003 -3.8653404e+001
  1.1738936e+003 -3.9367801e+001
  1.1742541e+003 -4.0103924e+001
  1.1745530e+003 -4.0731101e+001
  1.1748519e+003 -4.1373818e+001
  1.1751507e+003 -4.2032327e+001
  1.1754496e+003 -4.2706863e+001
  1.1756256e+003 -4.3111599e+001
  1.1756827e+003 -4.3244230e+001
  1.1757292e+003 -4.3352511e+001
  1.1757675e+003 -4.3442036e+001
  1.1758057e+003 -4.3531832e+001
  1.1758440e+003 -4.3621898e+001
  1.1758823e+003 -4.3712236e+001
  1.1759206e+003 -4.3802845e+001
  1.1760087e+003 -4.4012482e+001
  1.1760968e+003 -4.4223566e+001
  1.1761850e+003 -4.4436102e+001
  1.1762731e+003 -4.4650094e+001
  1.1764800e+003 -4.5158257e+001
  1.1766869e+003 -4.5674542e+001
  1.1768939e+003 -4.6199015e+001
  1.1771008e+003 -4.6731747e+001
  1.1773077e+003 -4.7272807e+001
  1.1775632e+003 -4.7952587e+001
  1.1778187e+003 -4.8645338e+001
  1.1780743e+003 -4.9351226e+001
  1.1783298e+003 -5.0070427e+001
  1.1785853e+003 -5.0803129e+001
  1.1788408e+003 -5.1549528e+001
  1.1791824e+003 -5.2569138e+001
  1.1795241e+003 -5.3614031e+001
  1.1798657e+003 -5.4684598e+001
  1.1802073e+003 -5.5781104e+001
  1.1805489e+003 -5.6903614e+001
  1.1808905e+003 -5.8051890e+001
  1.1812876e+003 -5.9418166e+001
  1.1816159e+003 -6.0571958e+001
  1.1819442e+003 -6.1745867e+001
  1.1822725e+003 -6.2937400e+001
  1.1826008e+003 -6.4143226e+001
  1.1829291e+003 -6.5359075e+001
  1.1832574e+003 -6.6579670e+001
  1.1835857e+003 -6.7798724e+001
  1.1839140e+003 -6.9009010e+001
  1.1842652e+003 -7.0284867e+001
  1.1846163e+003 -7.1531088e+001
  1.1849675e+003 -7.2737048e+001
  1.1852516e+003 -7.3676221e+001
  1.1855357e+003 -7.4577347e+001
  1.1858199e+003 -7.5436095e+001
  1.1861040e+003 -7.6248900e+001
  1.1863881e+003 -7.7013076e+001
  1.1866723e+003 -7.7726879e+001
  1.1869660e+003 -7.8411103e+001
  1.1872598e+003 -7.9040727e+001
  1.1875536e+003 -7.9616753e+001
  1.1878473e+003 -8.0140942e+001
  1.1881411e+003 -8.0615656e+001
  1.1884349e+003 -8.1043698e+001
  1.1887502e+003 -8.1454781e+001
  1.1890656e+003 -8.1819702e+001
  1.1893809e+003 -8.2142570e+001
  1.1896963e+003 -8.2427430e+001
  1.1900116e+003 -8.2678177e+001
  1.1903270e+003 -8.2898489e+001
  1.1907080e+003 -8.3128911e+001
  1.1910889e+003 -8.3325399e+001
  1.1914699e+003 -8.3492846e+001
  1.1918508e+003 -8.3635551e+001
  1.1922318e+003 -8.3757253e+001
  1.1926128e+003 -8.3861184e+001
  1.1931229e+003 -8.3977312e+001
  1.1936331e+003 -8.4072033e+001
  1.1941433e+003 -8.4149777e+001
  1.1946534e+003 -8.4214081e+001
  1.1951636e+003 -8.4267756e+001
  1.1956738e+003 -8.4313026e+001
  1.1963099e+003 -8.4360329e+001
  1.1969459e+003 -8.4399863e+001
  1.1975820e+003 -8.4433544e+001
  1.1982181e+003 -8.4462803e+001
  1.1988542e+003 -8.4488704e+001
  1.1994902e+003 -8.4512034e+001
  1.2001541e+003 -8.4534257e+001
  1.2008180e+003 -8.4554795e+001
  1.2014818e+003 -8.4574013e+001
  1.2021457e+003 -8.4592176e+001
  1.2028096e+003 -8.4609481e+001
  1.2037131e+003 -8.4631902e+001
  1.2046167e+003 -8.4653269e+001
  1.2055203e+003 -8.4673767e+001
  1.2064238e+003 -8.4693522e+001
  1.2073274e+003 -8.4712624e+001
  1.2083718e+003 -8.4733979e+001
  1.2094163e+003 -8.4754631e+001
  1.2104607e+003 -8.4774641e+001
  1.2115052e+003 -8.4794053e+001
  1.2125496e+003 -8.4812902e+001
  1.2138916e+003 -8.4836344e+001
  1.2152335e+003 -8.4858960e+001
  1.2165754e+003 -8.4880798e+001
  1.2179174e+003 -8.4901895e+001
  1.2192593e+003 -8.4922287e+001
  1.2206012e+003 -8.4942008e+001
  1.2224976e+003 -8.4968786e+001
  1.2243940e+003 -8.4994355e+001
  1.2262904e+003 -8.5018786e+001
  1.2281868e+003 -8.5042141e+001
  1.2300832e+003 -8.5064481e+001
  1.2319796e+003 -8.5085860e+001
  1.2339796e+003 -8.5107424e+001
  1.2359796e+003 -8.5128035e+001
  1.2379796e+003 -8.5147744e+001
  1.2399796e+003 -8.5166602e+001
  1.2419796e+003 -8.5184656e+001
  1.2439796e+003 -8.5201948e+001
  1.2459796e+003 -8.5218520e+001
  1.2479796e+003 -8.5234410e+001
  1.2499796e+003 -8.5249654e+001
  1.2519796e+003 -8.5264285e+001
  1.2539796e+003 -8.5278335e+001
  1.2559796e+003 -8.5291834e+001
  1.2579796e+003 -8.5304810e+001
  1.2599796e+003 -8.5317289e+001
  1.2619796e+003 -8.5329296e+001
  1.2639796e+003 -8.5340854e+001
  1.2659796e+003 -8.5351984e+001
  1.2679796e+003 -8.5362708e+001
  1.2699796e+003 -8.5373045e+001
  1.2719796e+003 -8.5383012e+001
  1.2739796e+003 -8.5392628e+001
  1.2759796e+003 -8.5401909e+001
  1.2779796e+003 -8.5410870e+001
  1.2799796e+003 -8.5419525e+001
  1.2819796e+003 -8.5427888e+001
  1.2839796e+003 -8.5435972e+001
  1.2859796e+003 -8.5443790e+001
  1.2879796e+003 -8.5451352e+001
  1.2899796e+003 -8.5458671e+001
  1.2919796e+003 -8.5465756e+001
  1.2939796e+003 -8.5472616e+001
  1.2959796e+003 -8.5479263e+001
  1.2979796e+003 -8.5485703e+001
  1.2999796e+003 -8.5491947e+001
  1.3019796e+003 -8.5498001e+001
  1.3039796e+003 -8.5503873e+001
  1.3059796e+003 -8.5509571e+001
  1.3079796e+003 -8.5515101e+001
  1.3099796e+003 -8.5520470e+001
  1.3119796e+003 -8.5525684e+001
  1.3139796e+003 -8.5530749e+001
  1.3159796e+003 -8.5535670e+001
  1.3179796e+003 -8.5540454e+001
  1.3199796e+003 -8.5545104e+001
  1.3219796e+003 -8.5549627e+001
  1.3239796e+003 -8.5554026e+001
  1.3259796e+003 -8.5558306e+001
  1.3279796e+003 -8.5562471e+001
  1.3299796e+003 -8.5566526e+001
  1.3319796e+003 -8.5570474e+001
  1.3339796e+003 -8.5574319e+001
  1.3359796e+003 -8.5578064e+001
  1.3379796e+003 -8.5581714e+001
  1.3399796e+003 -8.5585270e+001
  1.3419796e+003 -8.5588737e+001
  1.3439796e+003 -8.5592117e+001
  1.3459796e+003 -8.5595412e+001
  1.3479796e+003 -8.5598627e+001
  1.3499796e+003 -8.5601763e+001
  1.3519796e+003 -8.5604824e+001
  1.3539796e+003 -8.5607810e+001
  1.3559796e+003 -8.5610725e+001
  1.3579796e+003 -8.5613572e+001
  1.3599796e+003 -8.5616351e+001
  1.3619796e+003 -8.5619065e+001
  1.3639796e+003 -8.5621717e+001
  1.3659796e+003 -8.5624308e+001
  1.3679796e+003 -8.5626840e+001
  1.3699796e+003 -8.5629314e+001
  1.3719796e+003 -8.5631733e+001
  1.3739796e+003 -8.5634097e+001
  1.3759796e+003 -8.5636410e+001
  1.3779796e+003 -8.5638671e+001
  1.3799796e+003 -8.5640883e+001
  1.3819796e+003 -8.5643047e+001
  1.3839796e+003 -8.5645164e+001
  1.3859796e+003 -8.5647236e+001
  1.3879796e+003 -8.5649264e+001
  1.3899796e+003 -8.5651249e+001
  1.3919796e+003 -8.5653193e+001
  1.3939796e+003 -8.5655096e+001
  1.3959796e+003 -8.5656959e+001
  1.3979796e+003 -8.5658785e+001
  1.3999796e+003 -8.5660573e+001
  1.4019796e+003 -8.5662324e+001
  1.4039796e+003 -8.5664040e+001
  1.4059796e+003 -8.5665722e+001
  1.4079796e+003 -8.5667370e+001
  1.4099796e+003 -8.5668986e+001
  1.4119796e+003 -8.5670570e+001
  1.4139796e+003 -8.5672123e+001
  1.4159796e+003 -8.5673645e+001
  1.4179796e+003 -8.5675139e+001
  1.4199796e+003 -8.5676603e+001
  1.4219796e+003 -8.5678040e+001
  1.4239796e+003 -8.5679449e+001
  1.4259796e+003 -8.5680831e+001
  1.4279796e+003 -8.5682188e+001
  1.4299796e+003 -8.5683519e+001
  1.4319796e+003 -8.5684826e+001
  1.4339796e+003 -8.5686109e+001
  1.4359796e+003 -8.5687368e+001
  1.4379796e+003 -8.5688604e+001
  1.4399796e+003 -8.5689817e+001
  1.4419796e+003 -8.5691009e+001
  1.4439796e+003 -8.5692179e+001
  1.4459796e+003 -8.5693328e+001
  1.4479796e+003 -8.5694457e+001
  1.4499796e+003 -8.5695566e+001
  1.4519796e+003 -8.5696656e+001
  1.4539796e+003 -8.5697726e+001
  1.4559796e+003 -8.5698778e+001
  1.4579796e+003 -8.5699812e+001
  1.4599796e+003 -8.5700828e+001
  1.4619796e+003 -8.5701826e+001
  1.4639796e+003 -8.5702808e+001
  1.4659796e+003 -8.5703773e+001
  1.4679796e+003 -8.5704721e+001
  1.4699796e+003 -8.5705654e+001
  1.4719796e+003 -8.5706571e+001
  1.4739796e+003 -8.5707473e+001
  1.4759796e+003 -8.5708360e+001
  1.4779796e+003 -8.5709232e+001
  1.4799796e+003 -8.5710091e+001
  1.4819796e+003 -8.5710935e+001
  1.4839796e+003 -8.5711765e+001
  1.4859796e+003 -8.5712582e+001
  1.4879796e+003 -8.5713386e+001
  1.4899796e+003 -8.5714177e+001
  1.4919796e+003 -8.5714956e+001
  1.4939796e+003 -8.5715722e+001
  1.4959796e+003 -8.5716476e+001
  1.4979796e+003 -8.5717218e+001
  1.4999796e+003 -8.5717949e+001
  1.5019796e+003 -8.5718668e+001
  1.5039796e+003 -8.5719376e+001
  1.5059796e+003 -8.5720073e+001
  1.5079796e+003 -8.5720760e+001
  1.5099796e+003 -8.5721436e+001
  1.5119796e+003 -8.5722102e+001
  1.5139796e+003 -8.5722757e+001
  1.5159796e+003 -8.5723403e+001
  1.5179796e+003 -8.5724039e+001
  1.5199796e+003 -8.5724666e+001
  1.5219796e+003 -8.5725283e+001
  1.5239796e+003 -8.5725891e+001
  1.5259796e+003 -8.5726490e+001
  1.5279796e+003 -8.5727080e+001
  1.5299796e+003 -8.5727662e+001
  1.5319796e+003 -8.5728235e+001
  1.5339796e+003 -8.5728800e+001
  1.5359796e+003 -8.5729356e+001
  1.5379796e+003 -8.5729905e+001
  1.5399796e+003 -8.5730446e+001
  1.5419796e+003 -8.5730979e+001
  1.5439796e+003 -8.5731504e+001
  1.5459796e+003 -8.5732022e+001
  1.5479796e+003 -8.5732533e+001
  1.5499796e+003 -8.5733036e+001
  1.5519796e+003 -8.5733532e+001
  1.5539796e+003 -8.5734022e+001
  1.5559796e+003 -8.5734505e+001
  1.5579796e+003 -8.5734980e+001
  1.5599796e+003 -8.5735450e+001
  1.5619796e+003 -8.5735913e+001
  1.5639796e+003 -8.5736369e+001
  1.5659796e+003 -8.5736820e+001
  1.5679796e+003 -8.5737264e+001
  1.5699796e+003 -8.5737702e+001
  1.5719796e+003 -8.5738134e+001
  1.5739796e+003 -8.5738561e+001
  1.5759796e+003 -8.5738981e+001
  1.5779796e+003 -8.5739396e+001
  1.5799796e+003 -8.5739806e+001
  1.5819796e+003 -8.5740210e+001
  1.5839796e+003 -8.5740609e+001
  1.5859796e+003 -8.5741002e+001
  1.5879796e+003 -8.5741390e+001
  1.5899796e+003 -8.5741774e+001
  1.5919796e+003 -8.5742152e+001
  1.5939796e+003 -8.5742525e+001
  1.5959796e+003 -8.5742894e+001
  1.5979796e+003 -8.5743257e+001
  1.5999796e+003 -8.5743616e+001
  1.6019796e+003 -8.5743971e+001
  1.6039796e+003 -8.5744321e+001
  1.6059796e+003 -8.5744666e+001
  1.6079796e+003 -8.5745007e+001
  1.6099796e+003 -8.5745344e+001
  1.6119796e+003 -8.5745676e+001
  1.6139796e+003 -8.5746004e+001
  1.6159796e+003 -8.5746328e+001
  1.6179796e+003 -8.5746649e+001
  1.6199796e+003 -8.5746965e+001
  1.6219796e+003 -8.5747277e+001
  1.6239796e+003 -8.5747585e+001
  1.6259796e+003 -8.5747889e+001
  1.6279796e+003 -8.5748190e+001
  1.6299796e+003 -8.5748487e+001
  1.6319796e+003 -8.5748780e+001
  1.6339796e+003 -8.5749070e+001
  1.6359796e+003 -8.5749356e+001
  1.6379796e+003 -8.5749639e+001
  1.6399796e+003 -8.5749919e+001
  1.6419796e+003 -8.5750194e+001
  1.6439796e+003 -8.5750467e+001
  1.6459796e+003 -8.5750736e+001
  1.6479796e+003 -8.5751003e+001
  1.6499796e+003 -8.5751265e+001
  1.6519796e+003 -8.5751525e+001
  1.6539796e+003 -8.5751782e+001
  1.6559796e+003 -8.5752036e+001
  1.6579796e+003 -8.5752286e+001
  1.6599796e+003 -8.5752534e+001
  1.6619796e+003 -8.5752779e+001
  1.6639796e+003 -8.5753021e+001
  1.6659796e+003 -8.5753260e+001
  1.6679796e+003 -8.5753496e+001
  1.6699796e+003 -8.5753730e+001
  1.6719796e+003 -8.5753961e+001
  1.6739796e+003 -8.5754189e+001
  1.6759796e+003 -8.5754415e+001
  1.6779796e+003 -8.5754638e+001
  1.6799796e+003 -8.5754858e+001
  1.6819796e+003 -8.5755076e+001
  1.6839796e+003 -8.5755291e+001
  1.6859796e+003 -8.5755504e+001
  1.6879796e+003 -8.5755715e+001
  1.6899796e+003 -8.5755923e+001
  1.6919796e+003 -8.5756129e+001
  1.6939796e+003 -8.5756332e+001
  1.6959796e+003 -8.5756534e+001
  1.6979796e+003 -8.5756732e+001
  1.6999796e+003 -8.5756929e+001
  1.7019796e+003 -8.5757124e+001
  1.7039796e+003 -8.5757316e+001
  1.7059796e+003 -8.5757506e+001
  1.7079796e+003 -8.5757694e+001
  1.7099796e+003 -8.5757880e+001
  1.7119796e+003 -8.5758064e+001
  1.7139796e+003 -8.5758246e+001
  1.7159796e+003 -8.5758426e+001
  1.7179796e+003 -8.5758604e+001
  1.7199796e+003 -8.5758780e+001
  1.7219796e+003 -8.5758954e+001
  1.7239796e+003 -8.5759126e+001
  1.7259796e+003 -8.5759297e+001
  1.7279796e+003 -8.5759465e+001
  1.7299796e+003 -8.5759632e+001
  1.7319796e+003 -8.5759797e+001
  1.7339796e+003 -8.5759960e+001
  1.7359796e+003 -8.5760121e+001
  1.7379796e+003 -8.5760281e+001
  1.7399796e+003 -8.5760438e+001
  1.7419796e+003 -8.5760595e+001
  1.7439796e+003 -8.5760749e+001
  1.7459796e+003 -8.5760902e+001
  1.7479796e+003 -8.5761053e+001
  1.7499796e+003 -8.5761203e+001
  1.7519796e+003 -8.5761351e+001
  1.7539796e+003 -8.5761498e+001
  1.7559796e+003 -8.5761643e+001
  1.7579796e+003 -8.5761786e+001
  1.7599796e+003 -8.5761928e+001
  1.7619796e+003 -8.5762068e+001
  1.7639796e+003 -8.5762207e+001
  1.7659796e+003 -8.5762345e+001
  1.7679796e+003 -8.5762481e+001
  1.7699796e+003 -8.5762616e+001
  1.7719796e+003 -8.5762749e+001
  1.7739796e+003 -8.5762881e+001
  1.7759796e+003 -8.5763012e+001
  1.7779796e+003 -8.5763141e+001
  1.7799796e+003 -8.5763269e+001
  1.7819796e+003 -8.5763395e+001
  1.7839796e+003 -8.5763520e+001
  1.7859796e+003 -8.5763644e+001
  1.7879796e+003 -8.5763767e+001
  1.7899796e+003 -8.5763889e+001
  1.7919796e+003 -8.5764009e+001
  1.7939796e+003 -8.5764128e+001
  1.7959796e+003 -8.5764246e+001
  1.7979796e+003 -8.5764362e+001
  1.7999796e+003 -8.5764478e+001
  1.8019796e+003 -8.5764592e+001
  1.8039796e+003 -8.5764705e+001
  1.8059796e+003 -8.5764817e+001
  1.8079796e+003 -8.5764928e+001
  1.8099796e+003 -8.5765038e+001
  1.8119796e+003 -8.5765146e+001
  1.8139796e+003 -8.5765254e+001
  1.8159796e+003 -8.5765360e+001
  1.8179796e+003 -8.5765466e+001
  1.8199796e+003 -8.5765570e+001
  1.8219796e+003 -8.5765674e+001
  1.8239796e+003 -8.5765776e+001
  1.8259796e+003 -8.5765877e+001
  1.8279796e+003 -8.5765978e+001
  1.8299796e+003 -8.5766077e+001
  1.8319796e+003 -8.5766175e+001
  1.8339796e+003 -8.5766273e+001
  1.8359796e+003 -8.5766369e+001
  1.8379796e+003 -8.5766465e+001
  1.8399796e+003 -8.5766559e+001
  1.8419796e+003 -8.5766653e+001
  1.8439796e+003 -8.5766746e+001
  1.8459796e+003 -8.5766837e+001
  1.8479796e+003 -8.5766928e+001
  1.8499796e+003 -8.5767018e+001
  1.8519796e+003 -8.5767108e+001
  1.8539796e+003 -8.5767196e+001
  1.8559796e+003 -8.5767283e+001
  1.8579796e+003 -8.5767370e+001
  1.8599796e+003 -8.5767456e+001
  1.8619796e+003 -8.5767541e+001
  1.8639796e+003 -8.5767625e+001
  1.8659796e+003 -8.5767708e+001
  1.8679796e+003 -8.5767791e+001
  1.8699796e+003 -8.5767873e+001
  1.8719796e+003 -8.5767954e+001
  1.8739796e+003 -8.5768034e+001
  1.8759796e+003 -8.5768113e+001
  1.8779796e+003 -8.5768192e+001
  1.8799796e+003 -8.5768270e+001
  1.8819796e+003 -8.5768347e+001
  1.8839796e+003 -8.5768424e+001
  1.8859796e+003 -8.5768499e+001
  1.8879796e+003 -8.5768574e+001
  1.8899796e+003 -8.5768649e+001
  1.8919796e+003 -8.5768722e+001
  1.8939796e+003 -8.5768795e+001
  1.8959796e+003 -8.5768868e+001
  1.8979796e+003 -8.5768939e+001
  1.8999796e+003 -8.5769010e+001
  1.9019796e+003 -8.5769080e+001
  1.9039796e+003 -8.5769150e+001
  1.9059796e+003 -8.5769219e+001
  1.9079796e+003 -8.5769287e+001
  1.9099796e+003 -8.5769355e+001
  1.9119796e+003 -8.5769422e+001
  1.9139796e+003 -8.5769488e+001
  1.9159796e+003 -8.5769554e+001
  1.9179796e+003 -8.5769619e+001
  1.9199796e+003 -8.5769684e+001
  1.9219796e+003 -8.5769748e+001
  1.9239796e+003 -8.5769811e+001
  1.9259796e+003 -8.5769874e+001
  1.9279796e+003 -8.5769937e+001
  1.9299796e+003 -8.5769998e+001
  1.9319796e+003 -8.5770059e+001
  1.9339796e+003 -8.5770120e+001
  1.9359796e+003 -8.5770180e+001
  1.9379796e+003 -8.5770239e+001
  1.9399796e+003 -8.5770298e+001
  1.9419796e+003 -8.5770357e+001
  1.9439796e+003 -8.5770415e+001
  1.9459796e+003 -8.5770472e+001
  1.9479796e+003 -8.5770529e+001
  1.9499796e+003 -8.5770585e+001
  1.9519796e+003 -8.5770641e+001
  1.9539796e+003 -8.5770696e+001
  1.9559796e+003 -8.5770751e+001
  1.9579796e+003 -8.5770805e+001
  1.9599796e+003 -8.5770859e+001
  1.9619796e+003 -8.5770912e+001
  1.9639796e+003 -8.5770965e+001
  1.9659796e+003 -8.5771018e+001
  1.9679796e+003 -8.5771070e+001
  1.9699796e+003 -8.5771121e+001
  1.9719796e+003 -8.5771172e+001
  1.9739796e+003 -8.5771222e+001
  1.9759796e+003 -8.5771273e+001
  1.9779796e+003 -8.5771322e+001
  1.9799796e+003 -8.5771371e+001
  1.9819796e+003 -8.5771420e+001
  1.9839796e+003 -8.5771468e+001
  1.9859796e+003 -8.5771516e+001
  1.9879796e+003 -8.5771564e+001
  1.9899796e+003 -8.5771611e+001
  1.9919796e+003 -8.5771657e+001
  1.9939796e+003 -8.5771704e+001
  1.9959796e+003 -8.5771749e+001
  1.9979796e+003 -8.5771795e+001
  1.9985857e+003 -8.5771809e+001
  1.9991918e+003 -8.5771822e+001
  1.9997980e+003 -8.5771836e+001
  1.9998504e+003 -8.5771837e+001
  1.9999028e+003 -8.5771838e+001
  1.9999552e+003 -8.5771839e+001
  1.9999720e+003 -8.5771840e+001
  1.9999888e+003 -8.5771840e+001
  1.9999947e+003 -8.5771840e+001
  1.9999981e+003 -8.5771840e+001
  1.9999997e+003 -8.5771840e+001
  2.0000000e+003 -8.5770180e+001
