  1.4471291e-003
  9.7159852e-001
  9.7822809e-001
  7.0183977e-006
  1.0006767e+000
  2.7168607e-002
  1.6167249e-002
  4.0987741e-003
  9.9445578e-001
  4.0987741e-003
  9.9445578e-001
  8.8429397e-003
  5.4783613e-003
  9.0921541e-001
  2.9560713e-007
  2.9516078e-008
  2.7004003e+000
  5.8916662e-001
  8.2429341e-003
  1.0599534e-001
  1.6115953e-002
  2.5328101e-004
  1.2050518e-003
  1.3829287e-001
  2.0118445e-003
  6.3673669e-003
  8.7919969e-003
  6.6411812e-002
  1.0415620e-001
  1.2082721e+000
  5.2648800e-001
  5.5556854e+000
  5.5538008e+000
  5.5538008e+000
  1.3500000e+002
  1.5028950e-004
  9.4768211e-005
  8.0003595e-005
 -8.5394402e+001
  9.9445578e-001
  0.0000000e+000
  0.0000000e+000
  1.9202497e+004
 -1.5228890e+004
 -1.7548251e+005
  1.7150634e+005
  2.8517180e-001
  1.0505728e-001
  1.9190412e-003
  4.1517773e-005
  3.0335421e-001
  5.6564909e-001
  1.0133581e-002
  7.0125806e-005
  8.6199183e-008
  1.4727892e-004
  2.6384616e-006
  1.8246494e-008
  2.1700214e-011
  9.4833848e-001
  2.1936819e-005
  1.4294422e-006
  1.1204419e-005
  4.0446011e-005
  5.1584310e-002
  9.4831976e-001
  2.1936386e-005
  1.4294139e-006
  1.1204198e-005
  4.0445212e-005
  5.1583292e-002
  9.4834746e-001
  2.1937027e-005
  3.5846229e-007
  2.8097405e-006
  4.0446393e-005
  5.1584798e-002
  9.4832873e-001
  2.1936594e-005
  3.5845521e-007
  2.8096850e-006
  4.0445595e-005
  5.1583780e-002
  3.9962381e+002
  9.3350081e-001
  3.6756419e-005
  0.0000000e+000
  0.0000000e+000
  0.0000000e+000
  1.5718235e-001
  9.2257323e-004
  3.2425893e-009
  2.1593507e-013
  1.0304870e-012
  3.0230928e-002
  1.0329760e+000
  3.9756946e-001
  1.4876296e+000
  5.9092128e-002
  4.5668396e-005
  7.0667227e-010
  5.4633390e+000
  5.0745142e-001
  7.9280900e-006
  9.1335948e-006
  2.1217498e-008
  2.7280709e-016
 -7.2476377e-020
  1.7810755e-017
  5.2929062e-005
  2.6743962e-007
  3.4204118e-008
  4.6450498e-008
  5.9079856e-002
  3.9351081e-005
  4.3841307e-010
  5.4324342e+000
  3.5954054e-001
  4.0033122e-006
  7.8701542e-006
  1.3082204e-008
  1.0366414e-016
  1.1105352e-021
  6.7474203e-018
  3.7915090e-005
  1.9153778e-007
  2.1039242e-008
  2.2291735e-008
  1.6454393e+001
  1.6153302e-001
  2.9735723e+002
  5.7710351e+001
  8.8822146e-003
  5.0184435e-009
 -8.0451930e-054
  2.4755099e-002
  3.8271291e+000
  2.7626037e-002
  1.7725479e-010
  3.7396251e-004
  5.7418763e-002
  6.5431612e-004
  5.8019079e-002
  5.2010699e-002
  0.0000000e+000
  4.1591936e-002
  3.6000000e-002
  0.0000000e+000
  4.8663206e-001
  7.1667069e-002
  8.2717119e-003
  3.1780417e-003
  2.7859484e-001
  8.0750535e-003
  9.1457036e-006
  8.8193409e-001
  6.9589409e-004
  8.2108562e-004
  3.2985178e-003
  2.1914565e-001
  1.5319292e-003
  1.5319292e-003
  1.8361078e-003
  4.0592618e-003
