  1.1235225e-007
  9.9999993e-001
  9.9999963e-001
  8.9992621e-010
  1.0000461e+000
  2.3764152e-002
  1.5731215e-002
  1.1186007e-004
  9.9997502e-001
  1.1186007e-004
  9.9997502e-001
  6.5920912e-006
  2.1569012e-004
  9.0301641e-001
  4.6304809e-007
  4.9730909e-008
  2.7819238e+000
  6.0688992e-001
  9.6601055e-003
  1.1050026e-001
  1.3980421e-002
  2.5328101e-004
  1.4439967e-003
  1.3805476e-001
  2.3577410e-003
  7.2082346e-003
  1.0365743e-002
  7.2078571e-002
  1.1785284e-001
  1.2356189e+000
  5.4845855e-001
  5.8263655e+000
  5.8234007e+000
  5.8232907e+000
  1.3500000e+002
  1.7039669e-004
  1.1187747e-004
  9.5958220e-005
 -1.3947225e+002
  9.9804218e-001
  0.0000000e+000
  0.0000000e+000
  2.0164302e+004
 -1.7560101e+004
 -2.5755075e+005
  2.5495197e+005
  9.9951551e-001
  8.1409208e-002
  9.2801500e-004
  3.9450706e-006
  4.2098263e-006
  9.0681968e-001
  1.0337188e-002
  4.3944263e-005
  2.9884368e-008
  4.4863710e-004
  5.1141876e-006
  2.1740846e-008
  1.4784898e-011
  9.9954201e-001
  2.6810041e-008
  2.5459533e-009
  1.4490290e-007
  4.9431013e-008
  4.5776846e-004
  9.9954198e-001
  2.6810040e-008
  2.5459532e-009
  1.4490290e-007
  4.9431012e-008
  4.5776845e-004
  9.9954211e-001
  2.6810044e-008
  7.2076356e-010
  4.1022255e-008
  4.9431018e-008
  4.5776851e-004
  3.9527672e+002
  1.1899311e+000
  6.0722625e-005
  0.0000000e+000
  0.0000000e+000
  0.0000000e+000
  1.9195777e-001
  1.4534723e-003
  8.0508773e-009
  6.3857784e-013
  2.4562325e-012
  2.3358890e-002
  7.8950731e-001
  3.9175262e-001
  2.0273878e+000
  5.4958489e-002
  6.0050596e-005
  1.2956238e-009
  5.0744634e+000
  6.6083103e-001
  1.4388926e-005
  1.2009983e-005
  3.8893038e-008
  9.3964069e-016
  1.0324801e-020
  6.1721714e-017
  7.3275624e-005
  3.4434672e-007
  6.2257865e-008
  1.3255035e-007
  5.4963614e-002
  5.2631397e-005
  8.4358368e-010
  5.1119017e+000
  4.8886342e-001
  7.8307714e-006
  1.0526179e-005
  2.5175223e-008
  3.9113989e-016
  4.2589087e-021
  2.5610320e-017
  5.4266463e-005
  2.5504110e-007
  4.0279995e-008
  6.2554080e-008
  1.6454393e+001
  4.2122246e-002
  2.9735723e+002
  5.7460873e+001
  4.7315457e-003
