  1.3130521e-003
  9.7500470e-001
  9.8089416e-001
  6.7763981e-006
  9.9981809e-001
  6.0611595e-002
  2.7978314e-002
  3.9443891e-003
  9.9476372e-001
  3.9433513e-003
  9.9460349e-001
  8.2003476e-003
  2.6942038e-002
  7.7553623e-001
  1.4425015e-006
  4.1750035e-007
  4.0655999e+000
  8.8692416e-001
  1.2400910e-002
  1.3067696e-001
  4.2822144e-003
  2.5328101e-004
  4.8894825e-003
  1.3454411e-001
  2.8996920e-003
  1.1337109e-002
  1.4785639e-002
  9.4835932e-002
  1.5371894e-001
  1.4075778e+000
  7.0791712e-001
  1.1614171e+001
  1.1616680e+001
  1.1617448e+001
  1.3500000e+002
  2.6989580e-004
  1.6002594e-004
  1.2032954e-004
 -8.5973034e+001
  3.0938844e-001
  0.0000000e+000
  0.0000000e+000
  3.3359995e+004
 -1.5341121e+004
 -1.8483103e+005
  1.6685807e+005
  2.1987423e-001
  1.0505728e-001
  1.9190412e-003
  4.1517773e-005
  3.0335421e-001
  5.6564909e-001
  1.0133581e-002
  7.0125806e-005
  8.6199183e-008
  1.4727892e-004
  2.6384616e-006
  1.8246494e-008
  2.1700214e-011
  9.1782577e-001
  2.0170196e-005
  4.0768754e-003
  3.1708325e-002
  3.5545724e-005
  4.6331291e-002
  9.1823097e-001
  2.0453189e-005
  4.0583805e-003
  3.1570185e-002
  3.5350525e-005
  4.6063193e-002
  9.2128737e-001
  2.0182007e-005
  3.4524213e-003
  2.6850474e-002
  3.7131761e-005
  4.8350399e-002
  9.2211675e-001
  2.0428877e-005
  3.4135215e-003
  2.6552743e-002
  3.6738359e-005
  4.7838528e-002
  2.5654785e+002
  2.8409182e+001
  6.1063173e-002
  0.0000000e+000
  0.0000000e+000
  0.0000000e+000
  6.5605881e-001
  2.2813672e-001
  4.7496976e-004
  2.6714707e-007
  4.7241056e-008
  1.9675309e-005
  4.2849026e-004
  7.0074492e-003
  3.6100501e+000
  1.7939956e-002
  2.1462650e-004
  1.2082235e-006
  7.0815759e-001
  1.5220391e+001
  6.8140623e-004
  4.8766056e-005
  4.9661049e-004
  3.2487564e-006
  4.1373315e-011
  1.8866310e-007
  1.2557714e-004
  1.9344856e-007
  4.9462754e-006
  2.8066175e-003
  1.7428462e-002
  1.0552671e-004
  1.1893351e-008
  1.6149954e+000
  3.6977627e+000
  9.3604304e-005
  2.1521543e-005
  3.3408197e-006
  5.9247418e-011
  6.8712070e-016
  3.8495564e-012
  7.8435484e-004
  1.1712771e-006
  5.0297917e-006
  1.1456082e-004
  1.6454393e+001
  2.7219558e+001
  2.9735723e+002
  5.7371503e+001
  1.1189803e+001
  4.8571744e-004
  0.0000000e+000
  2.4737354e-002
  3.8271311e+000
  2.7606236e-002
  1.3759789e-017
  3.9376424e-004
  5.7377517e-002
  6.5431130e-004
  5.7977829e-002
  5.1972929e-002
  0.0000000e+000
  4.1595412e-002
  3.6000000e-002
  0.0000000e+000
  4.8651185e-001
  7.1613071e-002
  8.2605527e-003
  3.1737928e-003
  2.7820071e-001
  8.0643017e-003
  9.1334151e-006
  8.8194483e-001
  6.9498483e-004
  8.2001731e-004
  3.2941722e-003
  2.1883398e-001
  1.5319292e-003
  1.5319292e-003
  1.8338086e-003
  4.0546454e-003
