  1.3265849e-003
  9.7462514e-001
  9.7966941e-001
  6.7730642e-006
  9.8465804e-001
  1.2194633e-001
  6.2659914e-002
  3.9644887e-003
  9.9471274e-001
  3.9599603e-003
  9.8868660e-001
  8.4867716e-003
  6.9727871e-002
  4.9323557e-001
  1.5672863e-005
  1.6101758e-005
  4.3289461e+000
  9.4396438e-001
  1.5834256e-002
  1.3156720e-001
  3.9217090e-003
  2.5328101e-004
  5.6386559e-003
  1.3380493e-001
  3.4301701e-003
  2.2721542e-002
  2.1824199e-002
  1.2908812e-001
  1.9763404e-001
  9.9490801e-001
  3.7927513e-001
  1.3377120e+001
  1.3369185e+001
  1.3369857e+001
  1.3500000e+002
  5.5276302e-004
  2.3734052e-004
  1.4203369e-004
 -8.5911093e+001
  2.3258349e-001
  0.0000000e+000
  0.0000000e+000
  4.2078826e+004
 -1.5710538e+004
 -1.9336471e+005
  1.6700856e+005
  1.7431752e-001
  1.0505728e-001
  1.9190412e-003
  4.1517773e-005
  3.0335421e-001
  5.6564909e-001
  1.0133581e-002
  7.0125806e-005
  8.6199183e-008
  1.4727892e-004
  2.6384616e-006
  1.8246494e-008
  2.1700214e-011
  8.0267862e-001
  1.9233700e-005
  1.7292297e-002
  1.3419030e-001
  3.5335638e-005
  4.5782250e-002
  8.0437189e-001
  2.0440761e-005
  1.7251781e-002
  1.3390003e-001
  3.4290364e-005
  4.4396806e-002
  8.1586112e-001
  1.9279501e-005
  1.4860294e-002
  1.1530782e-001
  4.1734058e-005
  5.3907794e-002
  2.4008756e+002
  5.4938330e+001
  2.5386367e-001
  0.0000000e+000
  0.0000000e+000
  0.0000000e+000
  5.2163680e-001
  4.2892378e-001
  2.0085093e-003
  8.6204714e-007
  7.9003191e-008
  6.3955872e-006
  1.2935165e-004
  3.8769401e-003
  3.6134955e+000
  1.8176669e-002
  4.7242045e-004
  1.8030314e-006
  5.0475105e-001
  1.5389702e+001
  1.5245291e-003
  1.0427379e-004
  7.2986004e-004
  1.5121990e-006
  2.4069146e-011
  8.9338981e-008
  1.0098076e-004
  1.5760438e-007
  4.5896601e-006
  2.8654144e-003
  1.7821186e-002
  2.4412362e-004
  2.1339739e-008
  1.6616379e+000
  3.6607608e+000
  1.3059286e-004
  4.9940106e-005
  4.6282459e-006
  2.9708478e-011
  3.9847271e-016
  1.9130932e-012
  7.9734147e-004
  1.2173404e-006
  5.7533618e-006
  1.8748408e-004
  1.6454393e+001
  2.7634159e+001
  2.9735723e+002
  3.5981920e+002
  1.7468744e+001
