  1.4248163e-003
  9.8645772e-001
  9.9141758e-001
  7.2733225e-006
  1.0006840e+000
  2.3082549e-002
  1.4503473e-002
  4.0734520e-003
  9.9450698e-001
  4.0734516e-003
  9.9450700e-001
  8.7345288e-003
  5.4382522e-003
  9.1207521e-001
  4.8862422e-007
  4.7103486e-008
  3.0853117e+000
  6.7322027e-001
  8.9667408e-003
  1.1037781e-001
  1.4017944e-002
  2.5328101e-004
  1.3862704e-003
  1.3811060e-001
  2.1883310e-003
  6.9954097e-003
  9.5486536e-003
  7.0695297e-002
  1.1088898e-001
  1.2750788e+000
  5.8164702e-001
  6.8881680e+000
  6.8869979e+000
  6.8871156e+000
  1.3500000e+002
  1.6530090e-004
  1.0298850e-004
  8.8047985e-005
 -8.5484710e+001
  6.1462588e-001
  0.0000000e+000
  0.0000000e+000
  1.9901022e+004
 -1.5002389e+004
 -1.7352110e+005
  1.6863081e+005
  2.8809824e-001
  1.0505728e-001
  1.9190412e-003
  4.1517773e-005
  3.0335421e-001
  5.6564909e-001
  1.0133581e-002
  7.0125806e-005
  8.6199183e-008
  1.4727892e-004
  2.6384616e-006
  1.8246494e-008
  2.1700214e-011
  9.4873711e-001
  2.1691475e-005
  1.8849059e-006
  1.4824196e-005
  3.9993737e-005
  5.1182326e-002
  9.4871859e-001
  2.1691053e-005
  1.8848646e-006
  1.4823878e-005
  3.9992956e-005
  5.1181327e-002
  9.4874913e-001
  2.1691750e-005
  4.5544072e-007
  3.5820116e-006
  3.9994245e-005
  5.1182976e-002
  4.0791492e+002
  1.5136655e+000
  7.6217272e-005
  0.0000000e+000
  0.0000000e+000
  0.0000000e+000
  2.3204567e-001
  1.7338449e-003
  1.1719738e-008
  1.1267233e-012
  3.4856497e-012
  1.1803756e-003
  4.1148153e-002
  2.8028893e-002
  3.5453037e+000
  5.3347847e-002
  5.1019994e-005
  1.1496785e-009
  4.4394614e+000
  3.2073802e+000
  5.9191515e-005
  1.0204165e-005
  3.0678964e-008
  2.0432598e-009
  2.2437275e-014
  1.5601467e-010
  8.8811622e-005
  4.0537573e-007
  1.7620967e-007
  8.6060826e-005
  5.3272698e-002
  4.3200169e-005
  5.8340549e-010
  5.0106562e+000
  5.1793696e-001
  6.9854165e-006
  8.6400852e-006
  1.7434912e-008
  8.9057816e-015
  9.6676927e-020
  6.7359681e-016
  4.7417446e-005
  2.1600937e-007
  2.9420830e-008
  1.0873506e-007
  1.6454393e+001
  4.0020837e-001
  2.9735723e+002
  5.8455842e+001
  1.0722426e-001
