  6.7148540e-004
  9.9504029e-001
  9.9650892e-001
  3.4461818e-006
  1.0005472e+000
  2.1045423e-002
  1.2816753e-002
  3.0245532e-003
  9.9648412e-001
  3.0245532e-003
  9.9648412e-001
  4.8242751e-003
  4.1635620e-003
  8.9993776e-001
  4.5970847e-007
  5.1113930e-008
  2.7256120e+000
  5.9466042e-001
  7.7199270e-003
  1.0405414e-001
  1.7035952e-002
  2.5328101e-004
  1.1197871e-003
  1.3837782e-001
  1.8841573e-003
  6.3755542e-003
  8.4339694e-003
  6.6469354e-002
  1.0087817e-001
  1.1505429e+000
  4.8265416e-001
  5.6368144e+000
  5.6347915e+000
  5.6347915e+000
  1.3500000e+002
  1.5048498e-004
  9.0882083e-005
  7.4297177e-005
 -8.9969441e+001
  9.9648412e-001
  0.0000000e+000
  0.0000000e+000
  1.7527560e+004
 -1.5450514e+004
 -1.7726886e+005
  1.7518230e+005
  4.5786416e-001
  8.1008785e-002
  9.1930031e-004
  3.8933439e-006
  4.2804865e-005
  9.0730152e-001
  1.0296136e-002
  4.3557835e-005
  2.9457242e-008
  3.5366671e-004
  4.0078302e-006
  1.6955336e-008
  1.1466527e-011
  9.8800373e-001
  1.2900442e-005
  8.5069775e-012
  2.6285640e-011
  2.3785190e-005
  1.1958291e-002
  9.8800373e-001
  1.2900442e-005
  1.7849695e-017
  5.5153628e-017
  2.3785190e-005
  1.1958291e-002
  4.0629074e+002
  9.5144245e-001
  3.7903506e-005
  0.0000000e+000
  0.0000000e+000
  0.0000000e+000
  1.5971650e-001
  9.4329201e-004
  3.3899570e-009
  2.2891478e-013
  1.0741425e-012
  2.9777475e-002
  1.0344942e+000
  3.9913871e-001
  1.4965980e+000
  5.6880901e-002
  3.9226842e-005
  5.5722099e-010
  5.2609308e+000
  4.4931931e-001
  6.4587482e-006
  7.8453059e-006
  1.6748714e-008
  1.7006190e-016
  3.0697241e-019
  7.6070840e-018
  4.8746531e-005
  2.3708989e-007
  2.7082149e-008
  3.7586544e-008
  5.6886987e-002
  3.2727724e-005
  3.1450119e-010
  5.2920637e+000
  3.0207039e-001
  2.9008075e-006
  6.5455020e-006
  9.3839474e-009
  5.3338331e-017
  5.6698727e-022
  3.4717776e-018
  3.2756663e-005
  1.5933610e-007
  1.5117738e-008
  1.3818183e-008
