  3.5162140e-003
  9.5492488e-001
  9.7012879e-001
  7.0183977e-006
  1.0006767e+000
  2.7168607e-002
  1.6167249e-002
  5.8527276e-003
  8.0258529e-001
  5.8527210e-003
  9.8997299e-001
  1.7931521e-002
  3.6851845e-002
  7.5125676e-001
  1.4355518e-006
  4.7531154e-007
  3.8879383e+000
  8.4812274e-001
  1.1418289e-002
  1.2582824e-001
  6.6207035e-003
  2.5328101e-004
  3.2798770e-003
  1.3618540e-001
  2.6827515e-003
  1.0102676e-002
  1.3659444e-002
  8.8952521e-002
  1.4591391e-001
  1.2084311e+000
  5.2661483e-001
  1.0565158e+001
  1.0568216e+001
  1.0568933e+001
  1.3500000e+002
  2.3998818e-004
  1.4770012e-004
  1.0978351e-004
 -8.0024683e+001
  1.4094520e-001
  0.0000000e+000
  0.0000000e+000
  2.6774191e+004
 -1.5511126e+004
 -1.8314646e+005
  1.7190111e+005
  9.8391250e-002
  1.0505728e-001
  1.9190412e-003
  4.1517773e-005
  3.0335421e-001
  5.6564909e-001
  1.0133581e-002
  7.0125806e-005
  8.6199183e-008
  1.4727892e-004
  2.6384616e-006
  1.8246494e-008
  2.1700214e-011
  8.2729932e-001
  3.9002542e-005
  1.4997201e-002
  9.4515882e-002
  6.0090468e-005
  6.3084572e-002
  8.2830715e-001
  4.0002540e-005
  1.4777809e-002
  9.3149516e-002
  6.0681548e-005
  6.3621243e-002
  8.4813807e-001
  3.9428052e-005
  9.7936108e-003
  6.1721080e-002
  7.6711164e-005
  8.0227135e-002
  8.4982755e-001
  4.0155167e-005
  9.7965055e-003
  6.1750114e-002
  7.5018507e-005
  7.8468092e-002
  3.2912722e+002
  1.5963027e+001
  2.2648863e-002
  0.0000000e+000
  0.0000000e+000
  0.0000000e+000
  6.3042610e-001
  1.7241995e-001
  2.6377429e-004
  1.4804288e-007
  4.6421817e-008
  3.0693922e-005
  8.5560771e-004
  6.8945940e-003
  3.6097239e+000
  3.5145812e-002
  1.1872139e-004
  1.0930134e-007
  4.5991462e-001
  6.7008955e+000
  2.5554396e-004
  2.6466232e-005
  2.3057703e-004
  8.0145674e-007
  9.4192584e-012
  5.1633603e-008
  1.9802837e-004
  5.9678877e-007
  7.1230782e-006
  2.6769347e-003
  3.5252407e-002
  9.0814852e-005
  2.3840817e-009
  3.3809818e+000
  2.3799357e+000
  5.0130807e-005
  1.8433932e-005
  7.5658526e-007
  2.7759236e-012
  3.2126890e-017
  2.0668541e-013
  3.2045829e-004
  9.6749338e-007
  1.4436101e-006
  2.4212985e-005
  1.6454393e+001
  2.2475930e+001
  2.9735723e+002
  9.3883391e+001
  8.8749055e-001
  3.3610320e-005
 -1.3581889e-270
  2.4755109e-002
  3.8271291e+000
  2.7626049e-002
  9.2627690e-011
  3.7394854e-004
  5.7418787e-002
  6.5431612e-004
  5.8019103e-002
  5.2010721e-002
  0.0000000e+000
  4.1591934e-002
  3.6000000e-002
  0.0000000e+000
  4.8663213e-001
  7.1667100e-002
  8.2717183e-003
  3.1780441e-003
  2.7859507e-001
  8.0750597e-003
  9.1457106e-006
  8.8193409e-001
  6.9589461e-004
  8.2108623e-004
  3.2985203e-003
  2.1914583e-001
  1.5319292e-003
  1.5319292e-003
  1.8361092e-003
  4.0592645e-003
