  1.3409430e-003
  9.8749254e-001
  9.9196242e-001
  6.8468718e-006
  9.7973757e-001
  9.4824081e-002
  5.9676850e-002
  3.9826658e-003
  6.8017659e-001
  3.9772287e-003
  9.8632853e-001
  8.7094807e-003
  8.7089257e-002
  5.8615075e-001
  2.7986390e-006
  1.9759459e-006
  4.1449562e+000
  9.0402739e-001
  1.8095260e-002
  1.3237914e-001
  3.5400885e-003
  2.5328101e-004
  6.2566502e-003
  1.3318757e-001
  4.0369346e-003
  1.3888840e-002
  2.0517814e-002
  1.0572712e-001
  1.9103123e-001
  1.2361674e+000
  5.4891255e-001
  1.2118190e+001
  1.2118061e+001
  1.2118650e+001
  1.3500000e+002
  3.3204533e-004
  2.2287827e-004
  1.7711201e-004
 -8.5849377e+001
  9.3332323e-002
  0.0000000e+000
  0.0000000e+000
  3.1302915e+004
 -1.5278841e+004
 -1.8260978e+005
  1.6662332e+005
  1.6361204e-001
  1.0505728e-001
  1.9190412e-003
  4.1517773e-005
  3.0335421e-001
  5.6564909e-001
  1.0133581e-002
  7.0125806e-005
  8.6199183e-008
  1.4727892e-004
  2.6384616e-006
  1.8246494e-008
  2.1700214e-011
  7.8303402e-001
  1.9184747e-005
  1.9458842e-002
  1.5064044e-001
  3.6253582e-005
  4.6809297e-002
  7.8490753e-001
  2.0555342e-005
  1.9455519e-002
  1.5064191e-001
  3.4806739e-005
  4.4914225e-002
  7.9818132e-001
  1.9220376e-005
  1.6515329e-002
  1.2785179e-001
  4.4603777e-005
  5.7385780e-002
  2.8484426e+002
  4.2324488e+001
  9.2910854e-002
  0.0000000e+000
  0.0000000e+000
  0.0000000e+000
  5.8223207e-001
  3.4787721e-001
  1.2035103e-003
  6.1760054e-007
  7.3340713e-008
  8.1995622e-006
  1.9601820e-004
  4.1028779e-003
  3.6132010e+000
  1.5747466e-002
  3.0041907e-004
  3.4105507e-007
  4.9495118e-001
  1.5263040e+001
  1.3336344e-003
  6.9123472e-005
  7.2302884e-004
  1.6223033e-006
  2.2438470e-011
  9.5536287e-008
  1.1178579e-004
  1.5115875e-007
  4.4519287e-006
  2.8513274e-003
  1.5434590e-002
  2.2897892e-004
  1.5962118e-008
  1.4344783e+000
  3.8815239e+000
  2.1470604e-004
  4.6901486e-005
  5.7741096e-006
  4.7906239e-011
  6.3278746e-016
  3.0775629e-012
  9.1544572e-004
  1.2104939e-006
  6.5948181e-006
  1.9301547e-004
  1.6454393e+001
  2.4439041e+001
  2.9735723e+002
  1.1005240e+002
  2.8592902e+000
