  1.3794680e-003
  9.8703072e-001
  9.9175798e-001
  7.0420932e-006
  1.0006774e+000
  2.5105974e-002
  1.6027228e-002
  4.0213899e-003
  9.8489091e-001
  4.0213622e-003
  9.9461155e-001
  8.5138973e-003
  6.1174146e-003
  9.0319926e-001
  6.0231836e-007
  6.4553262e-008
  3.5065624e+000
  7.6511874e-001
  9.6679659e-003
  1.1854991e-001
  1.0079761e-002
  2.5328101e-004
  2.0418314e-003
  1.3744256e-001
  2.3548339e-003
  7.5807867e-003
  1.0431990e-002
  7.4477252e-002
  1.1860703e-001
  1.3160865e+000
  6.1814289e-001
  8.6370524e+000
  8.6382642e+000
  8.6386341e+000
  1.3500000e+002
  1.7932048e-004
  1.1259110e-004
  9.5736202e-005
 -8.5678580e+001
  2.5039542e-001
  0.0000000e+000
  0.0000000e+000
  2.0574082e+004
 -1.4837925e+004
 -1.7206838e+005
  1.6635201e+005
  2.6591051e-001
  1.0505728e-001
  1.9190412e-003
  4.1517773e-005
  3.0335421e-001
  5.6564909e-001
  1.0133581e-002
  7.0125806e-005
  8.6199183e-008
  1.4727892e-004
  2.6384616e-006
  1.8246494e-008
  2.1700214e-011
  9.4923874e-001
  2.1188139e-005
  4.7912106e-005
  3.6930222e-004
  3.9010727e-005
  5.0281725e-002
  9.4922538e-001
  2.1190867e-005
  4.7494427e-005
  3.6615011e-004
  3.9009317e-005
  5.0279578e-002
  9.4934519e-001
  2.1188903e-005
  3.0315599e-005
  2.3346738e-004
  3.9047955e-005
  5.0328669e-002
  9.4933782e-001
  2.1190606e-005
  2.9319741e-005
  2.2584227e-004
  3.9045644e-005
  5.0325581e-002
  3.8763445e+002
  1.3538063e+000
  8.5171270e-005
  0.0000000e+000
  0.0000000e+000
  0.0000000e+000
  2.1129306e-001
  9.4214169e-003
  1.0646458e-006
  5.6922943e-010
  7.6235877e-010
  2.6197197e-004
  8.6563510e-003
  8.2141435e-003
  3.6002998e+000
  4.4184718e-002
  5.8767935e-005
  5.2402307e-009
  2.5719815e+000
  1.2899896e+001
  2.8463283e-004
  1.1843896e-005
  7.7716477e-006
  8.6739302e-008
  9.5247011e-013
  5.7435515e-009
  4.8464909e-004
  1.8346712e-006
  5.0463650e-006
  1.5601575e-003
  4.3948655e-002
  4.4426552e-005
  7.1762148e-010
  4.1660009e+000
  1.1153717e+000
  1.7790176e-005
  8.8929236e-006
  4.7771579e-008
  2.3313888e-013
  2.5169122e-018
  1.5566172e-014
  1.2028681e-004
  4.5250671e-007
  1.7088130e-007
  1.8471193e-006
  1.6454393e+001
  1.6366618e-090
  2.9735723e+002
  5.7371503e+001
  1.2674837e-036
  1.4317536e-065
  2.4739631e-002
  3.8271309e+000
  2.7608776e-002
  1.2202917e-017
  3.9122284e-004
  5.7382808e-002
  6.5431192e-004
  5.7983121e-002
  5.1977774e-002
  0.0000000e+000
  4.1594966e-002
  3.6000000e-002
  0.0000000e+000
  4.8652727e-001
  7.1619998e-002
  8.2619838e-003
  3.1743377e-003
  2.7825125e-001
  8.0656805e-003
  9.1349910e-006
  8.8194345e-001
  6.9510144e-004
  8.2015432e-004
  3.2947295e-003
  2.1887395e-001
  1.5319292e-003
  1.5319292e-003
  1.8341035e-003
  4.0552375e-003
