  1.4456837e-003
  9.8619139e-001
  9.9125892e-001
  7.3799785e-006
  1.0006870e+000
  2.1269594e-002
  1.2885282e-002
  4.0971437e-003
  9.9445909e-001
  4.0971437e-003
  9.9445909e-001
  8.8359395e-003
  5.4666021e-003
  8.9947737e-001
  4.7222621e-007
  5.2774173e-008
  2.6842115e+000
  5.8562193e-001
  7.7535940e-003
  1.0418474e-001
  1.6974057e-002
  2.5328101e-004
  1.1252344e-003
  1.3837239e-001
  1.8923751e-003
  6.4441385e-003
  8.4793343e-003
  6.6949345e-002
  1.0129700e-001
  1.1537504e+000
  4.8500433e-001
  5.5040557e+000
  5.5020106e+000
  5.5020106e+000
  1.3500000e+002
  1.5212274e-004
  9.1374359e-005
  7.4661566e-005
 -8.5400395e+001
  9.9445909e-001
  0.0000000e+000
  0.0000000e+000
  1.7705214e+004
 -1.5458736e+004
 -1.7724288e+005
  1.7498732e+005
  4.0602879e+002
  9.7163596e-001
  3.9549242e-005
  0.0000000e+000
  0.0000000e+000
  0.0000000e+000
  1.6254893e-001
  9.8097132e-004
  3.6661443e-009
  2.5134277e-013
  1.1578565e-012
  2.9298827e-002
  1.0172086e+000
  4.0105763e-001
  1.5369027e+000
  5.6849090e-002
  3.9612964e-005
  5.6880780e-010
  5.2574130e+000
  4.5389229e-001
  6.5925499e-006
  7.9225290e-006
  1.7097218e-008
  1.7705998e-016
  1.8972317e-021
  1.1524761e-017
  4.9267844e-005
  2.3949075e-007
  2.7640427e-008
  3.7976839e-008
  5.6855290e-002
  3.3032157e-005
  3.2055145e-010
  5.2891540e+000
  3.0487409e-001
  2.9564236e-006
  6.6063877e-006
  9.5644535e-009
  5.5409862e-017
  5.8897175e-022
  3.6066133e-018
  3.3075228e-005
  1.6079656e-007
  1.5406769e-008
  1.4220693e-008
