  1.3997551e-003
  9.8677492e-001
  9.9160602e-001
  7.1455951e-006
  1.0006803e+000
  2.7550333e-002
  1.1904922e-002
  4.0448325e-003
  9.8463075e-001
  4.0448056e-003
  9.9456445e-001
  8.6129801e-003
  1.2492138e-002
  8.9955176e-001
  1.6547744e-006
  1.8477659e-007
  3.6452749e+000
  7.9536079e-001
  3.8527346e-003
  1.2404884e-001
  7.3386373e-003
  2.5328101e-004
  2.3610454e-003
  1.3709361e-001
  1.2503961e-003
  8.2769439e-003
  7.6526710e-003
  7.8736974e-002
  9.3833604e-002
  1.3559352e+000
  6.5574086e-001
  9.2942027e+000
  9.2958249e+000
  9.2963436e+000
  1.3500000e+002
  1.9602616e-004
  8.2399825e-005
  4.7325269e-005
 -8.5591625e+001
  2.4455076e-001
  0.0000000e+000
  0.0000000e+000
  1.9783958e+004
 -1.4781484e+004
 -1.7115663e+005
  1.6617723e+005
  2.6128926e-001
  1.0505728e-001
  1.9190412e-003
  4.1517773e-005
  3.0335421e-001
  5.6564909e-001
  1.0133581e-002
  7.0125806e-005
  8.6199183e-008
  1.4727892e-004
  2.6384616e-006
  1.8246494e-008
  2.1700214e-011
  9.4881282e-001
  2.1412384e-005
  5.6128159e-005
  4.3137363e-004
  3.9412193e-005
  5.0636710e-002
  9.4879794e-001
  2.1415608e-005
  5.5915021e-005
  4.2981130e-004
  3.9410452e-005
  5.0634082e-002
  9.4886873e-001
  2.1413085e-005
  4.7750825e-005
  3.6645416e-004
  3.9425996e-005
  5.0654084e-002
  9.4885858e-001
  2.1415944e-005
  4.6933700e-005
  3.6024884e-004
  3.9424607e-005
  5.0651971e-002
  3.7590219e+002
  6.2092392e+000
  2.3768877e-003
  0.0000000e+000
  0.0000000e+000
  0.0000000e+000
  5.3542927e-001
  3.4199706e-002
  8.1765956e-006
  3.2911151e-009
  2.6400841e-009
  1.2880078e-004
  4.1254349e-003
  1.2362910e-002
  3.6008521e+000
  2.3547281e-002
  2.5441040e-005
  3.3970733e-008
  1.3913420e+000
  1.4172159e+001
  1.6753279e-004
  5.7630943e-006
  6.3671181e-005
  7.7666682e-006
  8.1590673e-011
  4.6126685e-007
  1.5595006e-004
  3.1496639e-007
  4.2115551e-006
  2.6242560e-003
  2.2927887e-002
  1.1636344e-005
  3.3414677e-010
  2.1299280e+000
  3.1754849e+000
  1.2375156e-005
  2.3384283e-006
  4.7475215e-007
  1.6349796e-010
  1.6905121e-015
  9.6206296e-012
  4.6260134e-004
  9.0869302e-007
  1.3880373e-006
  2.1357909e-005
  1.6454393e+001
  1.6373164e+001
  2.9735723e+002
  7.6039000e+001
  6.1696671e-001
  9.7566887e-001
  1.1392126e-004
  3.8060457e+000
  2.4458191e-002
  1.8484336e-003
  1.6933758e-003
  4.8017396e-001
  6.6032323e-004
  4.8078028e-001
  4.5515819e-001
  0.0000000e+000
  2.1984237e-002
  3.6000000e-002
  0.0000000e+000
  2.6461557e+000
  1.2622163e+000
  2.8718277e-001
  8.4436995e-002
  2.8195384e+001
  1.6780989e-001
  2.3196677e-004
  7.2242208e-001
  1.1036535e-002
  1.2117737e-002
  5.8292319e-002
  5.5505430e+001
  1.5319292e-003
  1.5319292e-003
  1.7102860e-002
  2.1080305e-002
