  3.5269125e-003
  9.5474420e-001
  9.7000280e-001
  1.8134263e-005
  1.0008967e+000
  2.5191898e-002
  1.5589533e-002
  5.8599187e-003
  9.9053471e-001
  5.8599187e-003
  9.9053471e-001
  1.7971766e-002
  7.5351943e-003
  8.8773122e-001
  6.9258833e-007
  8.7589016e-008
  2.6612841e+000
  5.8063553e-001
  9.3651244e-003
  1.0961103e-001
  1.4402356e-002
  2.5328101e-004
  1.3925428e-003
  1.3810605e-001
  2.2857457e-003
  7.6464753e-003
  1.0271801e-002
  7.4850223e-002
  1.1706608e-001
  1.1810649e+000
  5.0541471e-001
  5.4315122e+000
  5.4297304e+000
  5.4297304e+000
  1.3500000e+002
  1.8090052e-004
  1.1085491e-004
  9.2576206e-005
 -8.0006136e+001
  9.9053471e-001
  0.0000000e+000
  0.0000000e+000
  1.9703245e+004
 -1.7526843e+004
 -2.5297469e+005
  2.5079753e+005
  3.9586765e+002
  1.3396432e+000
  7.6908037e-005
  0.0000000e+000
  0.0000000e+000
  0.0000000e+000
  2.1093214e-001
  1.7982513e-003
  1.2321032e-008
  1.0626800e-012
  3.6717986e-012
  2.1129969e-002
  7.1524005e-001
  3.9854633e-001
  2.1597510e+000
  5.5272261e-002
  5.7826995e-005
  1.2234019e-009
  5.0986714e+000
  6.4788201e-001
  1.3850245e-005
  1.1565263e-005
  3.6749816e-008
  8.1803791e-016
  5.1504370e-021
  5.3256296e-017
  7.1951715e-005
  3.4005534e-007
  5.8886976e-008
  1.1981364e-007
  5.5280762e-002
  4.9326460e-005
  7.3592294e-010
  5.1418295e+000
  4.5567648e-001
  6.7937145e-006
  9.8651945e-006
  2.1958424e-008
  2.9205803e-016
  3.1662918e-021
  1.9009810e-017
  5.0550105e-005
  2.3894565e-007
  3.5156056e-008
  4.9890556e-008
