  1.3385517e-003
  9.8753953e-001
  9.9205058e-001
  6.8334351e-006
  9.9952267e-001
  4.2548531e-002
  2.7513288e-002
  3.9745728e-003
  8.5409729e-001
  3.9735832e-003
  9.9447711e-001
  8.3255702e-003
  3.3141056e-002
  7.5785580e-001
  1.7902979e-006
  5.7201651e-007
  3.9016751e+000
  8.5111363e-001
  1.2173785e-002
  1.2882391e-001
  5.1797736e-003
  2.5328101e-004
  4.1476573e-003
  1.3530177e-001
  2.8487563e-003
  1.0517499e-002
  1.4123296e-002
  9.0908408e-002
  1.4907466e-001
  1.2659778e+000
  5.7383198e-001
  1.0647836e+001
  1.0649060e+001
  1.0649671e+001
  1.3500000e+002
  2.5004243e-004
  1.5277880e-004
  1.1774062e-004
 -8.5857303e+001
  1.3090404e-001
  0.0000000e+000
  0.0000000e+000
  2.3498402e+004
 -1.4946590e+004
 -1.7484645e+005
  1.6632283e+005
  2.1047089e-001
  1.0505728e-001
  1.9190412e-003
  4.1517773e-005
  3.0335421e-001
  5.6564909e-001
  1.0133581e-002
  7.0125806e-005
  8.6199183e-008
  1.4727892e-004
  2.6384616e-006
  1.8246494e-008
  2.1700214e-011
  9.1185971e-001
  2.0397138e-005
  4.7469258e-003
  3.6769859e-002
  3.5878637e-005
  4.6565179e-002
  9.1229967e-001
  2.0728181e-005
  4.7386729e-003
  3.6712560e-002
  3.5585115e-005
  4.6170871e-002
  9.1632857e-001
  2.0413662e-005
  3.9432581e-003
  3.0543803e-002
  3.7896656e-005
  4.9124009e-002
  3.3472677e+002
  1.6811245e+001
  2.4505676e-002
  0.0000000e+000
  0.0000000e+000
  0.0000000e+000
  6.3255869e-001
  1.7955706e-001
  2.9256275e-004
  1.6836678e-007
  5.0141073e-008
  2.8281511e-005
  8.0145044e-004
  6.6549980e-003
  3.6100205e+000
  2.4348402e-002
  1.2167797e-004
  1.7821045e-007
  7.8221117e-001
  1.4884794e+001
  6.0726728e-004
  2.8758652e-005
  3.9075835e-004
  2.0848172e-006
  2.4318726e-011
  1.2344752e-007
  1.4242367e-004
  2.9755458e-007
  5.5318029e-006
  2.7781229e-003
  2.3964855e-002
  9.0617243e-005
  3.2234033e-009
  2.2543341e+000
  3.0478183e+000
  7.3878595e-005
  1.8453519e-005
  1.7711491e-006
  1.6003229e-011
  1.8231232e-016
  1.0337058e-012
  5.4759985e-004
  1.1241735e-006
  3.0004864e-006
  4.5652508e-005
  1.6454393e+001
  2.2728937e+001
  2.9735723e+002
  9.5456158e+001
  2.0495303e+000
