  6.7627263e-004
  9.9499313e-001
  9.9648022e-001
  3.4704330e-006
  1.0005484e+000
  2.4835886e-002
  1.5475654e-002
  3.0330232e-003
  9.9646935e-001
  3.0330232e-003
  9.9646935e-001
  4.8512837e-003
  4.1740214e-003
  8.8844078e-001
  6.6819490e-007
  8.3902947e-008
  2.7645008e+000
  6.0316374e-001
  9.3110650e-003
  1.0945179e-001
  1.4477826e-002
  2.5328101e-004
  1.3833628e-003
  1.3811520e-001
  2.2725497e-003
  7.5371623e-003
  1.0196227e-002
  7.4169831e-002
  1.1643057e-001
  1.1770120e+000
  5.0234003e-001
  5.7635802e+000
  5.7617773e+000
  5.7617773e+000
  1.3500000e+002
  1.7827892e-004
  1.1003240e-004
  9.1959830e-005
 -8.9927366e+001
  9.9646935e-001
  0.0000000e+000
  0.0000000e+000
  1.8659416e+004
 -2.1083112e+004
 -3.5075752e+005
  3.5317989e+005
  4.5615253e-001
  8.1413505e-002
  9.2806850e-004
  3.9495663e-006
  4.3234241e-005
  9.0684636e-001
  1.0337480e-002
  4.3945456e-005
  2.9885410e-008
  3.5294601e-004
  4.0177118e-006
  1.7079819e-008
  1.1615241e-011
  3.9634394e+002
  1.3026628e+000
  7.2650864e-005
  0.0000000e+000
  0.0000000e+000
  0.0000000e+000
  2.0633143e-001
  1.7085809e-003
  1.1122747e-008
  9.4056812e-013
  3.3336057e-012
  2.1857932e-002
  7.4077145e-001
  4.0091990e-001
  2.1101015e+000
  5.5333904e-002
  5.7075680e-005
  1.1896906e-009
  5.1050445e+000
  6.3910141e-001
  1.3460553e-005
  1.1415004e-005
  3.5736514e-008
  7.7355535e-016
  8.4643017e-021
  5.0349655e-017
  7.0913368e-005
  3.3552175e-007
  5.7282892e-008
  1.1482698e-007
  5.5342256e-002
  4.8724155e-005
  7.1728544e-010
  5.1475122e+000
  4.5012579e-001
  6.6218931e-006
  9.7447360e-006
  2.1402389e-008
  2.7745424e-016
  3.0058006e-021
  1.8059268e-017
  4.9890469e-005
  2.3608995e-007
  3.4273895e-008
  4.7993143e-008
