  1.7414182e-002
  6.8879859e-001
  7.0116614e-001
  9.5548875e-005
  1.0014207e+000
  2.6498866e-002
  1.6076462e-002
  1.1329205e-002
  9.7475274e-001
  1.1329205e-002
  9.7475274e-001
  6.4688974e-002
  1.3606433e-002
  8.8573603e-001
  7.9162238e-007
  1.0212209e-007
  2.6164185e+000
  5.7083172e-001
  9.5957570e-003
  1.1027521e-001
  1.4087581e-002
  2.5328101e-004
  1.4318780e-003
  1.3806686e-001
  2.3420441e-003
  8.0480900e-003
  1.0595032e-002
  7.7289755e-002
  1.1975657e-001
  1.1982803e+000
  5.1866018e-001
  5.2914862e+000
  5.2895524e+000
  5.2895524e+000
  1.3500000e+002
  1.9054119e-004
  1.1437396e-004
  9.5218233e-005
 -7.0034663e+001
  9.7475274e-001
  0.0000000e+000
  0.0000000e+000
  2.0710483e+004
 -2.1682253e+004
 -3.6831353e+005
  3.6928698e+005
  3.1160716e-002
  4.8329704e-001
  4.5833465e-002
  1.9111485e-003
  2.6345288e-002
  4.0249014e-001
  3.8170122e-002
  1.5915863e-003
  1.4999254e-005
  2.3247948e-005
  2.1770476e-006
  9.0859606e-008
  8.5681449e-010
  3.9391265e+002
  1.4788916e+000
  9.4111967e-005
  0.0000000e+000
  0.0000000e+000
  0.0000000e+000
  2.2777153e-001
  2.1535598e-003
  1.7671843e-008
  1.6334342e-012
  5.1562134e-012
  1.8605962e-002
  6.2669321e-001
  3.8733018e-001
  2.3286409e+000
  5.5008144e-002
  6.1088074e-005
  1.3755825e-009
  5.0712787e+000
  6.8596306e-001
  1.5610148e-005
  1.2217463e-005
  4.1324193e-008
  1.0343699e-015
  1.1372134e-020
  6.7325529e-017
  7.6472793e-005
  3.5969551e-007
  6.6117517e-008
  1.4320173e-007
  5.5017292e-002
  5.1941173e-005
  8.1981370e-010
  5.1174147e+000
  4.7976774e-001
  7.5669911e-006
  1.0388126e-005
  2.4461214e-008
  3.6242896e-016
  3.9415412e-021
  2.3590159e-017
  5.3424001e-005
  2.5132672e-007
  3.9122945e-008
  5.8734242e-008
