  1.3748242e-003
  9.8708934e-001
  9.9179252e-001
  7.0182634e-006
  1.0006767e+000
  2.7139354e-002
  1.6110063e-002
  4.0159949e-003
  9.8420085e-001
  4.0159388e-003
  9.9462213e-001
  8.4913623e-003
  6.2263853e-003
  8.8963954e-001
  9.4059614e-007
  1.1668055e-007
  3.5556598e+000
  7.7579428e-001
  9.3504396e-003
  1.2038709e-001
  9.1824653e-003
  2.5328101e-004
  2.2222137e-003
  1.3725626e-001
  2.2761389e-003
  8.1559402e-003
  1.0448982e-002
  7.8028362e-002
  1.1881989e-001
  1.2836890e+000
  5.8913471e-001
  8.8647445e+000
  8.8655426e+000
  8.8659442e+000
  1.3500000e+002
  1.9311753e-004
  1.1277322e-004
  9.2023947e-005
 -8.5697838e+001
  2.3829866e-001
  0.0000000e+000
  0.0000000e+000
  1.8315583e+004
 -1.4719236e+004
 -1.6959206e+005
  1.6601348e+005
  2.6385508e-001
  1.0505728e-001
  1.9190412e-003
  4.1517773e-005
  3.0335421e-001
  5.6564909e-001
  1.0133581e-002
  7.0125806e-005
  8.6199183e-008
  1.4727892e-004
  2.6384616e-006
  1.8246494e-008
  2.1700214e-011
  9.4926222e-001
  2.1135679e-005
  5.5925591e-005
  4.3142035e-004
  3.8909171e-005
  5.0188279e-002
  9.4924882e-001
  2.1138950e-005
  5.5556352e-005
  4.2864951e-004
  3.8907517e-005
  5.0185776e-002
  9.4935652e-001
  2.1136464e-005
  4.0668065e-005
  3.1337420e-004
  3.8940049e-005
  5.0227250e-002
  3.8486981e+002
  6.1057400e+000
  2.2307308e-003
  0.0000000e+000
  0.0000000e+000
  0.0000000e+000
  5.3239854e-001
  3.2404809e-002
  7.3108990e-006
  2.9099165e-009
  2.3734378e-009
  1.3147309e-004
  4.3117881e-003
  1.2464303e-002
  3.6005601e+000
  4.0340381e-002
  5.5009018e-005
  1.4065818e-008
  1.8890621e+000
  1.3620368e+001
  3.0154366e-004
  1.1213104e-005
  1.9017024e-005
  5.6764388e-007
  6.1936519e-012
  3.6546213e-008
  4.2113533e-004
  1.4557062e-006
  5.7812168e-006
  1.9093517e-003
  4.0058076e-002
  3.8829783e-005
  6.1335749e-010
  3.8109876e+000
  1.4715732e+000
  2.1688448e-005
  7.7755507e-006
  7.3234244e-008
  1.4140867e-012
  1.5242961e-017
  1.0499718e-013
  1.6061164e-004
  5.5086578e-007
  2.8232579e-007
  1.9759576e-006
  1.6454393e+001
  1.5471888e+001
  2.9735723e+002
  7.4708445e+001
  9.7047219e-001
