  1.4547098e-003
  9.7140280e-001
  9.7806941e-001
  7.2223146e-006
  1.0006826e+000
  2.3337941e-002
  1.4041436e-002
  4.1072958e-003
  9.9443850e-001
  4.1072894e-003
  9.9443846e-001
  8.8796158e-003
  1.1650002e-002
  9.1774750e-001
  1.1141113e-006
  9.9849991e-008
  3.2048566e+000
  6.9931735e-001
  3.6562114e-003
  1.0179381e-001
  1.8021992e-002
  2.5328101e-004
  8.0566141e-004
  1.3868705e-001
  1.1860070e-003
  7.2044367e-003
  6.8471613e-003
  7.2086999e-002
  8.5571255e-002
  1.3311623e+000
  6.3210972e-001
  7.3474884e+000
  7.3467562e+000
  7.3469704e+000
  1.3500000e+002
  1.7030130e-004
  7.3685662e-005
  4.4725254e-005
 -8.5361119e+001
  8.5534487e-001
  0.0000000e+000
  0.0000000e+000
  2.1865175e+004
 -1.5130010e+004
 -1.7616510e+005
  1.6943330e+005
  2.8383778e-001
  1.0505728e-001
  1.9190412e-003
  4.1517773e-005
  3.0335421e-001
  5.6564909e-001
  1.0133581e-002
  7.0125806e-005
  8.6199183e-008
  1.4727892e-004
  2.6384616e-006
  1.8246494e-008
  2.1700214e-011
  9.4819604e-001
  2.2019396e-005
  2.1136222e-006
  1.6542680e-005
  4.0599314e-005
  5.1720486e-002
  9.4817725e-001
  2.2018969e-005
  2.1135520e-006
  1.6542172e-005
  4.0598507e-005
  5.1719461e-002
  9.4821230e-001
  2.2019771e-005
  1.6972730e-007
  1.3287271e-006
  4.0600019e-005
  5.1721384e-002
  9.4819351e-001
  2.2019343e-005
  1.6972328e-007
  1.3286965e-006
  4.0599211e-005
  5.1720359e-002
  3.0763416e+002
  4.5390158e+000
  2.4329644e-004
  0.0000000e+000
  0.0000000e+000
  0.0000000e+000
  4.7411007e-001
  3.7933276e-003
  5.6440520e-008
  1.0687149e-011
  1.1637912e-011
  7.4537325e-004
  1.9594563e-002
  4.8662549e-002
  3.5473749e+000
  4.6583241e-002
  2.0951882e-005
  2.5877808e-009
  2.6850558e+000
  5.4584711e+000
  5.1569032e-005
  4.1912384e-006
  7.2768845e-008
  2.4641702e-006
  2.5786341e-011
  1.5423260e-007
  6.8003273e-005
  2.7130047e-007
  1.1630933e-006
  9.4672609e-004
  4.6651963e-002
  1.1072873e-005
  4.1978275e-011
  4.6025352e+000
  8.5267079e-001
  2.9675085e-006
  2.2144542e-006
  1.1825739e-009
  1.2526301e-011
  1.2940662e-016
  7.2653051e-013
  2.1267691e-005
  8.4906886e-008
  4.6605195e-009
  5.8663960e-007
  1.6454393e+001
  8.4452465e+000
  2.9735723e+002
  6.9997705e+001
  6.8163943e-001
  3.6987119e-004
  9.7522052e-001
  1.1608707e-004
  3.8056044e+000
  2.4908954e-002
  1.6164717e-003
  1.4745744e-003
  4.8903967e-001
  6.6033830e-004
  4.8964601e-001
  4.6380387e-001
  0.0000000e+000
  2.1764200e-002
  3.6000000e-002
  0.0000000e+000
  2.6084121e+000
  1.2356428e+000
  2.8325659e-001
  8.3615715e-002
  2.7937826e+001
  1.6663650e-001
  2.2997240e-004
  7.2359348e-001
  1.0971265e-002
  1.2051197e-002
  5.7925805e-002
  5.5009337e+001
  1.5319292e-003
  1.5319292e-003
  1.7044112e-002
  2.1046131e-002
