  1.4069184e-003
  9.7264069e-001
  9.7762303e-001
  6.7730642e-006
  9.8465804e-001
  1.2194633e-001
  6.2659914e-002
  4.0543741e-003
  9.9453202e-001
  4.0526161e-003
  9.8856455e-001
  8.8855078e-003
  9.1999408e-002
  4.3385082e-001
  5.3561664e-005
  6.9879506e-005
  4.4869316e+000
  9.7838671e-001
  1.3389329e-002
  1.3539318e-001
  2.0878176e-003
  2.5328101e-004
  9.7528702e-003
  1.2962647e-001
  3.5530054e-003
  4.3343039e-002
  2.8257555e-002
  1.5441118e-001
  2.2541755e-001
  1.0787693e+000
  4.3251907e-001
  1.4598546e+001
  1.4575669e+001
  1.4576116e+001
  1.3500000e+002
  1.1044458e-003
  3.0919862e-004
  1.3941902e-004
 -8.5559132e+001
  2.3137087e-001
  0.0000000e+000
  0.0000000e+000
  4.4766449e+004
 -1.5803724e+004
 -1.9602053e+005
  1.6708037e+005
  1.6331015e-001
  1.0505728e-001
  1.9190412e-003
  4.1517773e-005
  3.0335421e-001
  5.6564909e-001
  1.0133581e-002
  7.0125806e-005
  8.6199183e-008
  1.4727892e-004
  2.6384616e-006
  1.8246494e-008
  2.1700214e-011
  7.9186273e-001
  1.9867034e-005
  1.8661796e-002
  1.4313969e-001
  3.6166826e-005
  4.6277721e-002
  7.9351021e-001
  2.1128543e-005
  1.8618481e-002
  1.4283274e-001
  3.5162743e-005
  4.4956626e-002
  8.0073495e-001
  1.9948603e-005
  1.7010786e-002
  1.3039808e-001
  4.0563981e-005
  5.1793633e-002
  8.0312158e-001
  2.1160523e-005
  1.7012108e-002
  1.3043173e-001
  3.8648825e-005
  4.9349342e-002
  2.2040022e+002
  6.3287310e+001
  3.5101133e-001
  0.0000000e+000
  0.0000000e+000
  0.0000000e+000
  4.8802121e-001
  4.7110446e-001
  2.3309658e-003
  9.2627470e-007
  7.3769539e-008
  5.2702741e-006
  9.7985797e-005
  3.5233720e-003
  3.6138817e+000
  7.1109301e-003
  4.9637779e-004
  2.1380100e-006
  3.9335978e-001
  1.5506204e+001
  2.5980712e-003
  1.1024522e-004
  8.5493970e-004
  2.3250470e-006
  3.8141353e-011
  1.4221192e-007
  9.6193142e-005
  5.8851777e-008
  3.2120337e-006
  2.8769125e-003
  6.6060971e-003
  2.9363738e-004
  7.2348167e-008
  5.4248657e-001
  4.7948703e+000
  1.6765667e-004
  6.0413802e-005
  2.4381062e-005
  7.3563292e-010
  9.9005307e-015
  3.9847991e-011
  1.4966117e-003
  8.4757818e-007
  1.2493107e-005
  4.9532193e-004
  1.6454393e+001
  2.7669919e+001
  2.9735723e+002
  3.6179906e+002
  2.3402340e+001
  4.8591971e-004
  9.7522052e-001
  1.1608707e-004
  3.8056044e+000
  2.4908953e-002
  1.6164722e-003
  1.4745752e-003
  4.8903965e-001
  6.6033830e-004
  4.8964599e-001
  4.6380385e-001
  0.0000000e+000
  2.1764200e-002
  3.6000000e-002
  0.0000000e+000
  2.6084146e+000
  1.2356446e+000
  2.8325685e-001
  8.3615768e-002
  2.7937842e+001
  1.6663657e-001
  2.2997253e-004
  7.2359340e-001
  1.0971269e-002
  1.2051201e-002
  5.7925828e-002
  5.5009367e+001
  1.5319292e-003
  1.5319292e-003
  1.7044115e-002
  2.1046134e-002
