  1.7103234e-002
  6.9437730e-001
  7.0709148e-001
  9.3725220e-005
  1.0014140e+000
  2.3606950e-002
  1.3688860e-002
  1.1243182e-002
  9.7503576e-001
  1.1243182e-002
  9.7503576e-001
  6.3762360e-002
  1.3513813e-002
  8.9576749e-001
  6.2198329e-007
  7.2374187e-008
  2.6348244e+000
  5.7480259e-001
  8.1429399e-003
  1.0563792e-001
  1.6285346e-002
  2.5328101e-004
  1.1886342e-003
  1.3830922e-001
  1.9874118e-003
  7.1600977e-003
  9.0115016e-003
  7.1766714e-002
  1.0613517e-001
  1.1900613e+000
  5.1229881e-001
  5.3486100e+000
  5.3460086e+000
  5.3460088e+000
  1.3500000e+002
  1.6924398e-004
  9.7151916e-005
  7.8904226e-005
 -7.0150297e+001
  9.7503576e-001
  0.0000000e+000
  0.0000000e+000
  1.7947861e+004
 -1.4853579e+004
 -1.7068338e+005
  1.6758494e+005
  4.1034331e+002
  1.2154851e+000
  6.1133003e-005
  0.0000000e+000
  0.0000000e+000
  0.0000000e+000
  1.9527257e-001
  1.4576574e-003
  8.0953833e-009
  6.5176266e-013
  2.4593900e-012
  2.3808842e-002
  8.3538854e-001
  4.0756143e-001
  1.9353444e+000
  5.6700003e-002
  4.4460392e-005
  7.3964944e-010
  6.9348110e+000
  6.7960923e-001
  1.1158697e-005
  8.8920005e-006
  2.1905424e-008
  1.5353026e-016
  5.5104502e-022
 -1.1432620e-016
  5.5478561e-005
  2.6897464e-007
  4.3561570e-008
  7.2460112e-006
  5.6444368e-002
  3.6640196e-005
  3.9716513e-010
  5.1942743e+000
  3.3433787e-001
  3.6210793e-006
  7.3279855e-006
  1.1849646e-008
  8.5051284e-017
  9.0803200e-022
  5.5357697e-018
  3.6893171e-005
  1.7806134e-007
  1.9066482e-008
  2.3884607e-008
