  1.3741640e-003
  9.8709797e-001
  9.9179770e-001
  7.0147696e-006
  1.0006766e+000
  2.6987796e-002
  1.6121068e-002
  4.0151907e-003
  9.8338863e-001
  4.0151411e-003
  9.9462380e-001
  8.4879349e-003
  6.2846468e-003
  8.8996007e-001
  9.2508941e-007
  1.1438245e-007
  3.5562299e+000
  7.7592670e-001
  9.3974389e-003
  1.2006710e-001
  9.3383387e-003
  2.5328101e-004
  2.1862680e-003
  1.3729330e-001
  2.2881458e-003
  8.1122260e-003
  1.0462890e-002
  7.7766167e-002
  1.1892085e-001
  1.2824204e+000
  5.8802580e-001
  8.8672973e+000
  8.8681739e+000
  8.8685765e+000
  1.3500000e+002
  1.9206778e-004
  1.1292522e-004
  9.2594099e-005
 -8.5700135e+001
  2.3210011e-001
  0.0000000e+000
  0.0000000e+000
  1.7730405e+004
 -1.4689966e+004
 -1.6895864e+005
  1.6593562e+005
  2.6204872e-001
  1.0505728e-001
  1.9190412e-003
  4.1517773e-005
  3.0335421e-001
  5.6564909e-001
  1.0133581e-002
  7.0125806e-005
  8.6199183e-008
  1.4727892e-004
  2.6384616e-006
  1.8246494e-008
  2.1700214e-011
  9.8255822e-001
  2.1865839e-005
  2.6314283e-005
  1.7207507e-005
  4.0312001e-005
  1.7333889e-002
  9.8255822e-001
  2.1865839e-005
  2.6314283e-005
  1.7207507e-005
  4.0312001e-005
  1.7333889e-002
  9.8257855e-001
  2.1864997e-005
  1.3661601e-005
  8.9336312e-006
  4.0313420e-005
  1.7334485e-002
  3.8605380e+002
  6.0890220e+000
  2.2097039e-003
  0.0000000e+000
  0.0000000e+000
  0.0000000e+000
  5.3188050e-001
  3.2153068e-002
  7.1991720e-006
  2.8613726e-009
  2.3401761e-009
  1.3199407e-004
  4.3422284e-003
  1.2489512e-002
  3.6005037e+000
  4.0927908e-002
  5.5729468e-005
  1.2423217e-008
  1.9545320e+000
  1.3531894e+001
  3.0038482e-004
  1.1334549e-005
  1.6885046e-005
  6.6014742e-007
  7.2648037e-012
  4.7495848e-008
  5.3038637e-004
  1.8599458e-006
  6.2581471e-006
  1.6078870e-003
  4.0649504e-002
  3.9602112e-005
  6.2607407e-010
  3.8677056e+000
  1.4140720e+000
  2.1099397e-005
  7.9294139e-006
  6.6868493e-008
  4.2106320e-012
  4.6188118e-017
  4.0749298e-013
  1.5180251e-004
  5.2831593e-007
  2.5564296e-007
  1.3825004e-006
  1.8157307e+001
  2.2905320e+001
  2.9735723e+002
  7.4519336e+001
  1.5020741e-001
