  1.3373269e-003
  9.8755541e-001
  9.9206167e-001
  6.8271708e-006
  9.9941938e-001
  3.9196301e-002
  2.5880655e-002
  3.9729241e-003
  1.8821726e-001
  3.9721091e-003
  9.9446209e-001
  8.3173941e-003
  2.8853067e-002
  7.7127871e-001
  1.1435064e-006
  3.3910254e-007
  3.8635077e+000
  8.4278128e-001
  1.1871854e-002
  1.2600628e-001
  6.5410013e-003
  2.5328101e-004
  3.3254835e-003
  1.3614111e-001
  2.7993502e-003
  9.5190043e-003
  1.3559605e-002
  8.5960913e-002
  1.4490816e-001
  1.2777275e+000
  5.8394202e-001
  1.0432790e+001
  1.0435166e+001
  1.0435771e+001
  1.3500000e+002
  2.2588963e-004
  1.4662241e-004
  1.1567887e-004
 -8.5862831e+001
  2.4560538e-001
  0.0000000e+000
  0.0000000e+000
  1.9298705e+004
 -1.4742836e+004
 -1.7030559e+005
  1.6577554e+005
  3.4220898e+002
  1.6582660e+001
  2.3785965e-002
  0.0000000e+000
  0.0000000e+000
  0.0000000e+000
  6.3276526e-001
  1.7672323e-001
  2.8436039e-004
  1.6361503e-007
  4.9387098e-008
  4.3006975e-006
  1.2523963e-004
  4.0618592e-003
  3.6099164e+000
  3.1735223e-002
  1.1662897e-004
  9.6406966e-008
  1.1745987e+000
  1.6821266e+001
  6.3184349e-004
  2.5708734e-005
  2.0093571e-004
  5.0704753e-007
  5.9192824e-012
  3.1601934e-008
  2.3373377e-004
  6.3617314e-007
  7.5182229e-006
  2.6125055e-003
  3.1441826e-002
  8.7403790e-005
  2.4768450e-009
  3.0337407e+000
  2.1833613e+000
  5.1040911e-005
  1.7734890e-005
  7.3383280e-007
  2.2021288e-012
  2.5010938e-017
  1.4363241e-013
  3.3080383e-004
  8.9076483e-007
  1.3635474e-006
  1.7894969e-005
