  1.1234313e-007
  9.9999993e-001
  9.9999963e-001
  8.9985862e-010
  1.0000461e+000
  2.6946099e-002
  1.6711988e-002
  1.1185671e-004
  9.9997502e-001
  1.1185671e-004
  9.9997502e-001
  6.5916951e-006
  2.1568430e-004
  8.8868829e-001
  8.6135410e-007
  1.0788705e-007
  3.6742572e+000
  8.0172114e-001
  9.9063598e-003
  1.1113255e-001
  1.3681257e-002
  2.5328101e-004
  1.4852938e-003
  1.3801364e-001
  2.4178641e-003
  8.1856315e-003
  1.1017124e-002
  7.8104122e-002
  1.2320401e-001
  1.2228201e+000
  5.3807465e-001
  9.4533066e+000
  9.4511508e+000
  9.4511508e+000
  1.3500000e+002
  1.9384609e-004
  1.1897218e-004
  9.8808409e-005
 -1.3947270e+002
  9.9997502e-001
  0.0000000e+000
  0.0000000e+000
  1.7483078e+004
 -1.5307413e+004
 -1.8996459e+005
  1.8779399e+005
  3.9183644e+002
  1.5225737e+000
  1.0025596e-004
  0.0000000e+000
  0.0000000e+000
  0.0000000e+000
  2.3289952e-001
  2.2788590e-003
  1.9788391e-008
  1.8663863e-012
  5.7360854e-012
  1.7856119e-002
  5.9826677e-001
  3.8266939e-001
  2.3811185e+000
  5.4660623e-002
  6.5534292e-005
  1.5965977e-009
  5.0350868e+000
  7.3693045e-001
  1.8145514e-005
  1.3106684e-005
  4.7966382e-008
  1.3936081e-015
  1.6450645e-020
  9.0707476e-017
  8.2570626e-005
  3.8592334e-007
  7.6584255e-008
  1.7947814e-007
  5.4670572e-002
  5.5585748e-005
  9.4476646e-010
  5.0848822e+000
  5.1334450e-001
  8.7186384e-006
  1.1117026e-005
  2.8189082e-008
  4.8131433e-016
  5.2572800e-021
  3.1328230e-017
  5.7449299e-005
  2.6856005e-007
  4.5020631e-008
  7.2781195e-008
