  1.3740257e-003
  9.8709917e-001
  9.9179840e-001
  7.0142766e-006
  1.0006766e+000
  2.6993052e-002
  1.5804061e-002
  4.0150812e-003
  9.8425011e-001
  4.0150294e-003
  9.9462400e-001
  8.4874864e-003
  6.2269333e-003
  8.9079975e-001
  9.3896362e-007
  1.1510339e-007
  3.5560227e+000
  7.7587660e-001
  9.0820911e-003
  1.2008386e-001
  9.3236460e-003
  2.5328101e-004
  2.1764955e-003
  1.3730176e-001
  2.2114199e-003
  8.1117531e-003
  1.0249656e-002
  7.7766330e-002
  1.1714753e-001
  1.2875101e+000
  5.9248690e-001
  8.8662460e+000
  8.8671204e+000
  8.8675271e+000
  1.3500000e+002
  1.9205596e-004
  1.1060390e-004
  8.9032829e-005
 -8.5701771e+001
  2.3899035e-001
  0.0000000e+000
  0.0000000e+000
  1.9196903e+004
 -1.4763167e+004
 -1.7054640e+005
  1.6613025e+005
  2.6414520e-001
  1.0505728e-001
  1.9190412e-003
  4.1517773e-005
  3.0335421e-001
  5.6564909e-001
  1.0133581e-002
  7.0125806e-005
  8.6199183e-008
  1.4727892e-004
  2.6384616e-006
  1.8246494e-008
  2.1700214e-011
  9.4928169e-001
  2.1127051e-005
  5.5347003e-005
  4.2700423e-004
  3.8893093e-005
  5.0173828e-002
  9.4926825e-001
  2.1130280e-005
  5.4979479e-005
  4.2424553e-004
  3.8891464e-005
  5.0171359e-002
  9.4937349e-001
  2.1127821e-005
  4.0522731e-005
  3.1228488e-004
  3.8922970e-005
  5.0211543e-002
  9.4936747e-001
  2.1130230e-005
  3.9282885e-005
  3.0278777e-004
  3.8921367e-005
  5.0209267e-002
  3.8323435e+002
  6.0892334e+000
  2.2238121e-003
  0.0000000e+000
  0.0000000e+000
  0.0000000e+000
  5.3177808e-001
  3.2356495e-002
  7.2975999e-006
  2.9039200e-009
  2.3748881e-009
  1.3188967e-004
  4.3070610e-003
  1.2468673e-002
  3.6005599e+000
  4.0376543e-002
  5.2859607e-005
  1.5157949e-008
  1.8545890e+000
  1.3691424e+001
  2.9156388e-004
  1.0798761e-005
  2.0585408e-005
  6.6774193e-007
  7.2567739e-012
  4.1992724e-008
  3.4413069e-004
  1.1906588e-006
  5.4057737e-006
  2.1153436e-003
  4.0104349e-002
  3.6505123e-005
  5.4734765e-010
  3.8219110e+000
  1.4609105e+000
  2.0153494e-005
  7.3097707e-006
  7.1318629e-008
  1.4902715e-012
  1.5923938e-017
  9.8512644e-014
  1.5774779e-004
  5.4168235e-007
  2.7533510e-007
  2.6693525e-006
  1.6454393e+001
  1.5482161e+001
  2.9735723e+002
  7.4722127e+001
  3.8002944e+000
  2.4703282e-323
  2.4733788e-002
  3.8271315e+000
  2.7602257e-002
  1.6604487e-017
  3.9774314e-004
  5.7369229e-002
  6.5431034e-004
  5.7969539e-002
  5.1965339e-002
  0.0000000e+000
  4.1596110e-002
  3.6000000e-002
  0.0000000e+000
  4.8648776e-001
  7.1602249e-002
  8.2583169e-003
  3.1729414e-003
  2.7812180e-001
  8.0621475e-003
  9.1309532e-006
  8.8194698e-001
  6.9480280e-004
  8.1980350e-004
  3.2933020e-003
  2.1877157e-001
  1.5319292e-003
  1.5319292e-003
  1.8333509e-003
  4.0537243e-003
