  1.7414303e-002
  6.8879644e-001
  7.0116385e-001
  9.5549583e-005
  1.0014207e+000
  2.6577070e-002
  1.6675529e-002
  1.1329238e-002
  9.7475263e-001
  1.1329238e-002
  9.7475263e-001
  6.4689333e-002
  1.3606469e-002
  8.9841136e-001
  6.1811018e-007
  6.9892865e-008
  2.6386929e+000
  5.7569693e-001
  1.0109005e-002
  1.1167022e-001
  1.3426438e-002
  2.5328101e-004
  1.5204199e-003
  1.3797864e-001
  2.4673315e-003
  8.0721366e-003
  1.0992903e-002
  7.7432893e-002
  1.2300817e-001
  1.2676329e+000
  5.7524452e-001
  5.3606833e+000
  5.3587944e+000
  5.3587944e+000
  1.3500000e+002
  1.9111887e-004
  1.1870823e-004
  1.0117081e-004
 -7.0034618e+001
  9.7475263e-001
  0.0000000e+000
  0.0000000e+000
  2.3771338e+004
 -1.8186075e+004
 -2.7658770e+005
  2.7101249e+005
  3.1160496e-002
  8.1409208e-002
  9.2801500e-004
  3.9450706e-006
  4.2098263e-006
  9.0681968e-001
  1.0337188e-002
  4.3944263e-005
  2.9884368e-008
  4.4863710e-004
  5.1141876e-006
  2.1740846e-008
  1.4784898e-011
  9.3375906e-001
  1.4732580e-004
  1.9737709e-005
  2.9366100e-005
  2.7163194e-004
  6.5758150e-002
  9.3363526e-001
  1.4730627e-004
  1.9735093e-005
  2.9362207e-005
  2.7159593e-004
  6.5749432e-002
  9.3379392e-001
  1.4733130e-004
  4.7314279e-006
  7.0394991e-006
  2.7164208e-004
  6.5760605e-002
  3.9081019e+002
  1.4761599e+000
  9.4507818e-005
  0.0000000e+000
  0.0000000e+000
  0.0000000e+000
  2.2744443e-001
  2.1635194e-003
  1.7835699e-008
  1.6464499e-012
  5.2061249e-012
  1.8592712e-002
  6.2131460e-001
  3.8633402e-001
  2.3367570e+000
  5.4449234e-002
  6.6575399e-005
  1.6167017e-009
  5.0210380e+000
  7.3161931e-001
  1.7934892e-005
  1.3314900e-005
  4.8535233e-008
  1.4268601e-015
  1.5789123e-020
  9.2871813e-017
  8.2214719e-005
  3.8277406e-007
  7.7424974e-008
  1.8064447e-007
  5.4457833e-002
  5.7977938e-005
  1.0330169e-009
  5.0644721e+000
  5.3602463e-001
  9.5443671e-006
  1.1595453e-005
  3.0823874e-008
  5.7549476e-016
  6.3038977e-021
  3.7458281e-017
  6.0172941e-005
  2.8019775e-007
  4.9184026e-008
  8.3359303e-008
  1.6454393e+001
  6.2518176e-002
  2.9735723e+002
  5.7503762e+001
  6.9419551e-003
