  1.4833420e-001
  6.8819772e-002
  6.6106235e-002
  1.1467196e-003
  9.9932422e-001
  4.0486878e-002
  1.8560361e-002
  3.0045167e-002
  8.9676830e-001
  3.0045167e-002
  8.9676830e-001
  3.3571945e-001
  3.2599605e-002
  8.6911359e-001
  2.4785684e-006
  3.7325826e-007
  2.9668939e+000
  6.4686319e-001
  1.0039348e-002
  1.1148727e-001
  1.3513144e-002
  2.5328101e-004
  1.5083209e-003
  1.3799069e-001
  2.4503276e-003
  1.2377350e-002
  1.2246165e-002
  9.8715528e-002
  1.3283740e-001
  1.3399384e+000
  6.4038274e-001
  6.4580450e+000
  6.4484056e+000
  6.4484056e+000
  1.3500000e+002
  2.9536662e-004
  1.3237954e-004
  1.0035696e-004
 -5.5118215e+001
  8.9676830e-001
  0.0000000e+000
  0.0000000e+000
  2.2387147e+004
 -1.5138878e+004
 -1.7633387e+005
  1.6910327e+005
  3.8443411e+002
  3.4681132e+000
  5.2758068e-004
  0.0000000e+000
  0.0000000e+000
  0.0000000e+000
  4.0578173e-001
  9.2001992e-003
  3.2284660e-007
  5.1269329e-011
  7.2432808e-011
  4.5717559e-003
  1.5028219e-001
  2.2247430e-001
  3.2139786e+000
  5.4317924e-002
  7.4500253e-005
  2.2396037e-009
  5.2801816e+000
  9.5766054e-001
  2.9194836e-005
  1.4899824e-005
  6.7421765e-008
  2.7534685e-015
  3.0752649e-020
  1.7922261e-016
  1.0155455e-004
  4.7167413e-007
  1.0728924e-007
  3.4296592e-007
  5.4293227e-002
  5.7224089e-005
  1.0037724e-009
  5.0453017e+000
  5.2542353e-001
  9.2056909e-006
  1.1444687e-005
  2.9941806e-008
  5.4302530e-016
  5.9429036e-021
  3.5344657e-017
  5.9227980e-005
  2.7496390e-007
  4.7776995e-008
  7.9347576e-008
