  1.3592385e-003
  9.7384842e-001
  9.8002499e-001
  6.9391050e-006
  1.0006745e+000
  3.5361151e-002
  1.4575456e-002
  3.9979679e-003
  9.9465856e-001
  3.9978418e-003
  9.9465772e-001
  8.4160867e-003
  5.9775285e-003
  8.0808631e-001
  3.6873375e-006
  8.7569075e-007
  3.6920108e+000
  8.0537311e-001
  6.3795988e-003
  1.1607802e-001
  1.1201090e-002
  2.5328101e-004
  1.7199543e-003
  1.3775668e-001
  1.5502144e-003
  1.0537510e-002
  9.3666305e-003
  9.0801300e-002
  1.0975443e-001
  1.0513443e+000
  4.1450376e-001
  9.5266108e+000
  9.5245652e+000
  9.5250615e+000
  1.3500000e+002
  2.5056408e-004
  1.0099329e-004
  5.9710858e-005
 -8.5767933e+001
  4.9148177e-001
  0.0000000e+000
  0.0000000e+000
  2.0830933e+004
 -1.4825748e+004
 -1.7231296e+005
  1.6629696e+005
  2.6884960e-001
  1.0505728e-001
  1.9190412e-003
  4.1517773e-005
  3.0335421e-001
  5.6564909e-001
  1.0133581e-002
  7.0125806e-005
  8.6199183e-008
  1.4727892e-004
  2.6384616e-006
  1.8246494e-008
  2.1700214e-011
  9.4957148e-001
  2.0962646e-005
  5.0230557e-005
  3.8925800e-004
  3.8611013e-005
  4.9927363e-002
  9.4955680e-001
  2.0965380e-005
  4.9974830e-005
  3.8734439e-004
  3.8609652e-005
  4.9925325e-002
  9.4967695e-001
  2.0964030e-005
  3.5073454e-005
  2.7089276e-004
  3.8633125e-005
  4.9955388e-002
  2.5053309e+002
  1.5180066e+001
  7.3152134e-003
  0.0000000e+000
  0.0000000e+000
  0.0000000e+000
  7.1249347e-001
  5.2976351e-002
  1.8081808e-005
  8.9316839e-009
  2.9541275e-009
  7.2280529e-005
  1.5436018e-003
  1.4905336e-002
  3.6009617e+000
  4.2414332e-002
  4.4827455e-005
  5.7536370e-008
  1.8673471e+000
  1.3748953e+001
  2.4421714e-004
  9.2161038e-006
  2.1470738e-005
  5.8021168e-007
  6.2543814e-012
  3.7254179e-008
  2.9956520e-004
  1.0888083e-006
  5.3315774e-006
  2.2291344e-003
  4.2373679e-002
  1.9754737e-005
  2.7728999e-010
  4.1061383e+000
  1.1548368e+000
  7.1670821e-006
  3.9608594e-006
  4.6928512e-008
  7.6348162e-013
  7.9898863e-018
  5.0660599e-014
  1.1364121e-004
  4.1238690e-007
  1.6917542e-007
  2.1094018e-006
  1.6454393e+001
  2.5372181e+001
  2.9735723e+002
  2.3423620e+002
  1.5504380e+001
