  1.3720926e-003
  9.8712292e-001
  9.9181239e-001
  7.0046133e-006
  1.0006763e+000
  2.8089074e-002
  1.6584803e-002
  4.0128891e-003
  9.8375995e-001
  4.0128267e-003
  9.9462831e-001
  8.4783362e-003
  6.3139436e-003
  8.8923277e-001
  1.0581151e-006
  1.3180263e-007
  3.5887723e+000
  7.8301694e-001
  9.6319960e-003
  1.2240225e-001
  8.2108308e-003
  2.5328101e-004
  2.4781208e-003
  1.3699556e-001
  2.3442583e-003
  8.4449209e-003
  1.0752816e-002
  7.9710536e-002
  1.2133745e-001
  1.3008803e+000
  6.0436030e-001
  9.0218290e+000
  9.0225032e+000
  9.0229227e+000
  1.3500000e+002
  2.0006517e-004
  1.1608136e-004
  9.5206919e-005
 -8.5711596e+001
  2.3139785e-001
  0.0000000e+000
  0.0000000e+000
  2.0759920e+004
 -1.4837632e+004
 -1.7221156e+005
  1.6631132e+005
  2.6263121e-001
  1.0505728e-001
  1.9190412e-003
  4.1517773e-005
  3.0335421e-001
  5.6564909e-001
  1.0133581e-002
  7.0125806e-005
  8.6199183e-008
  1.4727892e-004
  2.6384616e-006
  1.8246494e-008
  2.1700214e-011
  9.4927411e-001
  2.1105617e-005
  6.0968162e-005
  4.7052671e-004
  3.8849076e-005
  5.0132326e-002
  9.4926080e-001
  2.1109218e-005
  6.0616613e-005
  4.6789763e-004
  3.8847278e-005
  5.0129607e-002
  9.4936169e-001
  2.1106406e-005
  4.6981101e-005
  3.6216061e-004
  3.8876594e-005
  5.0167075e-002
  9.4935638e-001
  2.1109256e-005
  4.5642435e-005
  3.5190800e-004
  3.8875156e-005
  5.0164960e-002
  2.8069453e+002
  5.7386540e+000
  2.3002850e-003
  0.0000000e+000
  0.0000000e+000
  0.0000000e+000
  5.1646121e-001
  3.4390612e-002
  8.2345265e-006
  3.1727998e-009
  2.7512559e-009
  1.5117022e-004
  3.6157078e-003
  1.3018959e-002
  3.6006752e+000
  3.4876979e-002
  5.2538053e-005
  1.9432725e-008
  1.6462896e+000
  1.3957777e+001
  3.2741435e-004
  1.0821123e-005
  2.8779482e-005
  1.3877538e-006
  1.5079626e-011
  8.7608315e-008
  2.4737042e-004
  7.3944490e-007
  4.8987433e-006
  2.3875001e-003
  3.4837863e-002
  3.7145309e-005
  6.6423332e-010
  3.3909050e+000
  1.8847881e+000
  2.9734484e-005
  7.4398268e-006
  1.1524260e-007
  4.9420463e-012
  5.3158400e-017
  3.6825035e-013
  2.1764868e-004
  6.4930418e-007
  4.5343638e-007
  7.6171906e-006
  1.6454393e+001
  2.4858832e+001
  2.9735723e+002
  7.5397131e+001
  4.7355225e-001
 -4.9406565e-324
  2.4738832e-002
  3.8271309e+000
  2.7607885e-002
  1.2801862e-017
  3.9211448e-004
  5.7380952e-002
  6.5431171e-004
  5.7981264e-002
  5.1976075e-002
  0.0000000e+000
  4.1595122e-002
  3.6000000e-002
  0.0000000e+000
  4.8652186e-001
  7.1617568e-002
  8.2614818e-003
  3.1741465e-003
  2.7823352e-001
  8.0651969e-003
  9.1344383e-006
  8.8194394e-001
  6.9506053e-004
  8.2010626e-004
  3.2945340e-003
  2.1885993e-001
  1.5319292e-003
  1.5319292e-003
  1.8340000e-003
  4.0550299e-003
